0 0 -188.65 377.3
0 1 -154.35 377.3
0 2 -120.05 377.3
0 3 120.05 377.3
0 4 154.35 377.3
0 5 188.65 377.3
0 6 205.8 343
0 7 205.8 -343
0 8 188.65 -377.3
0 9 154.35 -377.3
0 10 120.05 -377.3
0 11 -120.05 -377.3
0 12 -154.35 -377.3
0 13 -188.65 -377.3
0 14 -205.8 -343
0 15 -205.8 343
0 16 -205.8 411.6
0 17 -171.5 411.6
0 18 -137.2 411.6
0 19 -102.9 411.6
0 20 -68.6 411.6
0 21 -34.3 411.6
0 22 0 411.6
0 23 34.3 411.6
0 24 68.6 411.6
0 25 102.9 411.6
0 26 137.2 411.6
0 27 171.5 411.6
0 28 205.8 411.6
0 29 222.95 377.3
0 30 240.1 343
0 31 257.25 308.7
0 32 394.45 34.3
0 33 411.6 0
0 34 394.45 -34.3
0 35 257.25 -308.7
0 36 240.1 -343
0 37 222.95 -377.3
0 38 205.8 -411.6
0 39 171.5 -411.6
0 40 137.2 -411.6
0 41 102.9 -411.6
0 42 68.6 -411.6
0 43 34.3 -411.6
0 44 0 -411.6
0 45 -34.3 -411.6
0 46 -68.6 -411.6
0 47 -102.9 -411.6
0 48 -137.2 -411.6
0 49 -171.5 -411.6
0 50 -205.8 -411.6
0 51 -222.95 -377.3
0 52 -240.1 -343
0 53 -257.25 -308.7
0 54 -394.45 -34.3
0 55 -411.6 0
0 56 -394.45 34.3
0 57 -257.25 308.7
0 58 -240.1 343
0 59 -222.95 377.3
0 60 -222.95 445.9
0 61 -188.65 445.9
0 62 -154.35 445.9
0 63 -120.05 445.9
0 64 -85.75 445.9
0 65 -51.45 445.9
0 66 -17.15 445.9
0 67 17.15 445.9
0 68 51.45 445.9
0 69 85.75 445.9
0 70 120.05 445.9
0 71 154.35 445.9
0 72 188.65 445.9
0 73 222.95 445.9
0 74 240.1 411.6
0 75 257.25 377.3
0 76 274.4 343
0 77 291.55 308.7
0 78 308.7 274.4
0 79 325.85 240.1
0 80 343 205.8
0 81 360.15 171.5
0 82 377.3 137.2
0 83 394.45 102.9
0 84 411.6 68.6
0 85 428.75 34.3
0 86 445.9 0
0 87 428.75 -34.3
0 88 411.6 -68.6
0 89 394.45 -102.9
0 90 377.3 -137.2
0 91 360.15 -171.5
0 92 343 -205.8
0 93 325.85 -240.1
0 94 308.7 -274.4
0 95 291.55 -308.7
0 96 274.4 -343
0 97 257.25 -377.3
0 98 240.1 -411.6
0 99 222.95 -445.9
0 100 188.65 -445.9
0 101 154.35 -445.9
0 102 120.05 -445.9
0 103 85.75 -445.9
0 104 51.45 -445.9
0 105 17.15 -445.9
0 106 -17.15 -445.9
0 107 -51.45 -445.9
0 108 -85.75 -445.9
0 109 -120.05 -445.9
0 110 -154.35 -445.9
0 111 -188.65 -445.9
0 112 -222.95 -445.9
0 113 -240.1 -411.6
0 114 -257.25 -377.3
0 115 -274.4 -343
0 116 -291.55 -308.7
0 117 -308.7 -274.4
0 118 -325.85 -240.1
0 119 -343 -205.8
0 120 -360.15 -171.5
0 121 -377.3 -137.2
0 122 -394.45 -102.9
0 123 -411.6 -68.6
0 124 -428.75 -34.3
0 125 -445.9 0
0 126 -428.75 34.3
0 127 -411.6 68.6
0 128 -394.45 102.9
0 129 -377.3 137.2
0 130 -360.15 171.5
0 131 -343 205.8
0 132 -325.85 240.1
0 133 -308.7 274.4
0 134 -291.55 308.7
0 135 -274.4 343
0 136 -257.25 377.3
0 137 -240.1 411.6
0 138 -240.1 480.2
0 139 -205.8 480.2
0 140 -171.5 480.2
0 141 -137.2 480.2
0 142 -102.9 480.2
0 143 -68.6 480.2
0 144 -34.3 480.2
0 145 0 480.2
0 146 34.3 480.2
0 147 68.6 480.2
0 148 102.9 480.2
0 149 137.2 480.2
0 150 171.5 480.2
0 151 205.8 480.2
0 152 240.1 480.2
0 153 257.25 445.9
0 154 274.4 411.6
0 155 291.55 377.3
0 156 308.7 343
0 157 325.85 308.7
0 158 343 274.4
0 159 360.15 240.1
0 160 377.3 205.8
0 161 394.45 171.5
0 162 411.6 137.2
0 163 428.75 102.9
0 164 445.9 68.6
0 165 463.05 34.3
0 166 480.2 0
0 167 463.05 -34.3
0 168 445.9 -68.6
0 169 428.75 -102.9
0 170 411.6 -137.2
0 171 394.45 -171.5
0 172 377.3 -205.8
0 173 360.15 -240.1
0 174 343 -274.4
0 175 325.85 -308.7
0 176 308.7 -343
0 177 291.55 -377.3
0 178 274.4 -411.6
0 179 257.25 -445.9
0 180 240.1 -480.2
0 181 205.8 -480.2
0 182 171.5 -480.2
0 183 137.2 -480.2
0 184 102.9 -480.2
0 185 68.6 -480.2
0 186 34.3 -480.2
0 187 0 -480.2
0 188 -34.3 -480.2
0 189 -68.6 -480.2
0 190 -102.9 -480.2
0 191 -137.2 -480.2
0 192 -171.5 -480.2
0 193 -205.8 -480.2
0 194 -240.1 -480.2
0 195 -257.25 -445.9
0 196 -274.4 -411.6
0 197 -291.55 -377.3
0 198 -308.7 -343
0 199 -325.85 -308.7
0 200 -343 -274.4
0 201 -360.15 -240.1
0 202 -377.3 -205.8
0 203 -394.45 -171.5
0 204 -411.6 -137.2
0 205 -428.75 -102.9
0 206 -445.9 -68.6
0 207 -463.05 -34.3
0 208 -480.2 0
0 209 -463.05 34.3
0 210 -445.9 68.6
0 211 -428.75 102.9
0 212 -411.6 137.2
0 213 -394.45 171.5
0 214 -377.3 205.8
0 215 -360.15 240.1
0 216 -343 274.4
0 217 -325.85 308.7
0 218 -308.7 343
0 219 -291.55 377.3
0 220 -274.4 411.6
0 221 -257.25 445.9
0 222 -257.25 514.5
0 223 -222.95 514.5
0 224 -188.65 514.5
0 225 -154.35 514.5
0 226 -120.05 514.5
0 227 -85.75 514.5
0 228 -51.45 514.5
0 229 -17.15 514.5
0 230 17.15 514.5
0 231 51.45 514.5
0 232 85.75 514.5
0 233 120.05 514.5
0 234 154.35 514.5
0 235 188.65 514.5
0 236 222.95 514.5
0 237 257.25 514.5
0 238 274.4 480.2
0 239 291.55 445.9
0 240 308.7 411.6
0 241 325.85 377.3
0 242 343 343
0 243 360.15 308.7
0 244 377.3 274.4
0 245 394.45 240.1
0 246 411.6 205.8
0 247 428.75 171.5
0 248 445.9 137.2
0 249 463.05 102.9
0 250 480.2 68.6
0 251 497.35 34.3
0 252 514.5 0
0 253 497.35 -34.3
0 254 480.2 -68.6
0 255 463.05 -102.9
0 256 445.9 -137.2
0 257 428.75 -171.5
0 258 411.6 -205.8
0 259 394.45 -240.1
0 260 377.3 -274.4
0 261 360.15 -308.7
0 262 343 -343
0 263 325.85 -377.3
0 264 308.7 -411.6
0 265 291.55 -445.9
0 266 274.4 -480.2
0 267 257.25 -514.5
0 268 222.95 -514.5
0 269 188.65 -514.5
0 270 154.35 -514.5
0 271 120.05 -514.5
0 272 85.75 -514.5
0 273 51.45 -514.5
0 274 17.15 -514.5
0 275 -17.15 -514.5
0 276 -51.45 -514.5
0 277 -85.75 -514.5
0 278 -120.05 -514.5
0 279 -154.35 -514.5
0 280 -188.65 -514.5
0 281 -222.95 -514.5
0 282 -257.25 -514.5
0 283 -274.4 -480.2
0 284 -291.55 -445.9
0 285 -308.7 -411.6
0 286 -325.85 -377.3
0 287 -343 -343
0 288 -360.15 -308.7
0 289 -377.3 -274.4
0 290 -394.45 -240.1
0 291 -411.6 -205.8
0 292 -428.75 -171.5
0 293 -445.9 -137.2
0 294 -463.05 -102.9
0 295 -480.2 -68.6
0 296 -497.35 -34.3
0 297 -514.5 0
0 298 -497.35 34.3
0 299 -480.2 68.6
0 300 -463.05 102.9
0 301 -445.9 137.2
0 302 -428.75 171.5
0 303 -411.6 205.8
0 304 -394.45 240.1
0 305 -377.3 274.4
0 306 -360.15 308.7
0 307 -343 343
0 308 -325.85 377.3
0 309 -308.7 411.6
0 310 -291.55 445.9
0 311 -274.4 480.2
0 312 -274.4 548.8
0 313 -240.1 548.8
0 314 -205.8 548.8
0 315 -171.5 548.8
0 316 -137.2 548.8
0 317 -102.9 548.8
0 318 -68.6 548.8
0 319 -34.3 548.8
0 320 0 548.8
0 321 34.3 548.8
0 322 68.6 548.8
0 323 102.9 548.8
0 324 137.2 548.8
0 325 171.5 548.8
0 326 205.8 548.8
0 327 240.1 548.8
0 328 274.4 548.8
0 329 291.55 514.5
0 330 308.7 480.2
0 331 325.85 445.9
0 332 343 411.6
0 333 360.15 377.3
0 334 377.3 343
0 335 394.45 308.7
0 336 411.6 274.4
0 337 428.75 240.1
0 338 445.9 205.8
0 339 463.05 171.5
0 340 480.2 137.2
0 341 497.35 102.9
0 342 514.5 68.6
0 343 531.65 34.3
0 344 548.8 0
0 345 531.65 -34.3
0 346 514.5 -68.6
0 347 497.35 -102.9
0 348 480.2 -137.2
0 349 463.05 -171.5
0 350 445.9 -205.8
0 351 428.75 -240.1
0 352 411.6 -274.4
0 353 394.45 -308.7
0 354 377.3 -343
0 355 360.15 -377.3
0 356 343 -411.6
0 357 325.85 -445.9
0 358 308.7 -480.2
0 359 291.55 -514.5
0 360 274.4 -548.8
0 361 240.1 -548.8
0 362 205.8 -548.8
0 363 171.5 -548.8
0 364 137.2 -548.8
0 365 102.9 -548.8
0 366 68.6 -548.8
0 367 34.3 -548.8
0 368 0 -548.8
0 369 -34.3 -548.8
0 370 -68.6 -548.8
0 371 -102.9 -548.8
0 372 -137.2 -548.8
0 373 -171.5 -548.8
0 374 -205.8 -548.8
0 375 -240.1 -548.8
0 376 -274.4 -548.8
0 377 -291.55 -514.5
0 378 -308.7 -480.2
0 379 -325.85 -445.9
0 380 -343 -411.6
0 381 -360.15 -377.3
0 382 -377.3 -343
0 383 -394.45 -308.7
0 384 -411.6 -274.4
0 385 -428.75 -240.1
0 386 -445.9 -205.8
0 387 -463.05 -171.5
0 388 -480.2 -137.2
0 389 -497.35 -102.9
0 390 -514.5 -68.6
0 391 -531.65 -34.3
0 392 -548.8 0
0 393 -531.65 34.3
0 394 -514.5 68.6
0 395 -497.35 102.9
0 396 -480.2 137.2
0 397 -463.05 171.5
0 398 -445.9 205.8
0 399 -428.75 240.1
0 400 -411.6 274.4
0 401 -394.45 308.7
0 402 -377.3 343
0 403 -360.15 377.3
0 404 -343 411.6
0 405 -325.85 445.9
0 406 -308.7 480.2
0 407 -291.55 514.5
0 408 -222.95 583.1
0 409 -188.65 583.1
0 410 -154.35 583.1
0 411 -120.05 583.1
0 412 -85.75 583.1
0 413 -51.45 583.1
0 414 -17.15 583.1
0 415 17.15 583.1
0 416 51.45 583.1
0 417 85.75 583.1
0 418 120.05 583.1
0 419 154.35 583.1
0 420 188.65 583.1
0 421 222.95 583.1
0 422 308.7 548.8
0 423 325.85 514.5
0 424 343 480.2
0 425 360.15 445.9
0 426 377.3 411.6
0 427 394.45 377.3
0 428 411.6 343
0 429 428.75 308.7
0 430 445.9 274.4
0 431 463.05 240.1
0 432 480.2 205.8
0 433 497.35 171.5
0 434 514.5 137.2
0 435 531.65 102.9
0 436 548.8 68.6
0 437 565.95 34.3
0 438 583.1 0
0 439 565.95 -34.3
0 440 548.8 -68.6
0 441 531.65 -102.9
0 442 514.5 -137.2
0 443 497.35 -171.5
0 444 480.2 -205.8
0 445 463.05 -240.1
0 446 445.9 -274.4
0 447 428.75 -308.7
0 448 411.6 -343
0 449 394.45 -377.3
0 450 377.3 -411.6
0 451 360.15 -445.9
0 452 343 -480.2
0 453 325.85 -514.5
0 454 308.7 -548.8
0 455 222.95 -583.1
0 456 188.65 -583.1
0 457 154.35 -583.1
0 458 120.05 -583.1
0 459 85.75 -583.1
0 460 51.45 -583.1
0 461 17.15 -583.1
0 462 -17.15 -583.1
0 463 -51.45 -583.1
0 464 -85.75 -583.1
0 465 -120.05 -583.1
0 466 -154.35 -583.1
0 467 -188.65 -583.1
0 468 -222.95 -583.1
0 469 -308.7 -548.8
0 470 -325.85 -514.5
0 471 -343 -480.2
0 472 -360.15 -445.9
0 473 -377.3 -411.6
0 474 -394.45 -377.3
0 475 -411.6 -343
0 476 -428.75 -308.7
0 477 -445.9 -274.4
0 478 -463.05 -240.1
0 479 -480.2 -205.8
0 480 -497.35 -171.5
0 481 -514.5 -137.2
0 482 -531.65 -102.9
0 483 -548.8 -68.6
0 484 -565.95 -34.3
0 485 -583.1 0
0 486 -565.95 34.3
0 487 -548.8 68.6
0 488 -531.65 102.9
0 489 -514.5 137.2
0 490 -497.35 171.5
0 491 -480.2 205.8
0 492 -463.05 240.1
0 493 -445.9 274.4
0 494 -428.75 308.7
0 495 -411.6 343
0 496 -394.45 377.3
0 497 -377.3 411.6
0 498 -360.15 445.9
0 499 -343 480.2
0 500 -325.85 514.5
0 501 -308.7 548.8
0 502 -137.2 617.4
0 503 -102.9 617.4
0 504 -68.6 617.4
0 505 -34.3 617.4
0 506 0 617.4
0 507 34.3 617.4
0 508 68.6 617.4
0 509 102.9 617.4
0 510 137.2 617.4
0 511 360.15 514.5
0 512 377.3 480.2
0 513 394.45 445.9
0 514 411.6 411.6
0 515 428.75 377.3
0 516 445.9 343
0 517 463.05 308.7
0 518 480.2 274.4
0 519 497.35 240.1
0 520 514.5 205.8
0 521 531.65 171.5
0 522 548.8 137.2
0 523 565.95 102.9
0 524 583.1 68.6
0 525 600.25 34.3
0 526 617.4 0
0 527 600.25 -34.3
0 528 583.1 -68.6
0 529 565.95 -102.9
0 530 548.8 -137.2
0 531 531.65 -171.5
0 532 514.5 -205.8
0 533 497.35 -240.1
0 534 480.2 -274.4
0 535 463.05 -308.7
0 536 445.9 -343
0 537 428.75 -377.3
0 538 411.6 -411.6
0 539 394.45 -445.9
0 540 377.3 -480.2
0 541 360.15 -514.5
0 542 137.2 -617.4
0 543 102.9 -617.4
0 544 68.6 -617.4
0 545 34.3 -617.4
0 546 0 -617.4
0 547 -34.3 -617.4
0 548 -68.6 -617.4
0 549 -102.9 -617.4
0 550 -137.2 -617.4
0 551 -360.15 -514.5
0 552 -377.3 -480.2
0 553 -394.45 -445.9
0 554 -411.6 -411.6
0 555 -428.75 -377.3
0 556 -445.9 -343
0 557 -463.05 -308.7
0 558 -480.2 -274.4
0 559 -497.35 -240.1
0 560 -514.5 -205.8
0 561 -531.65 -171.5
0 562 -548.8 -137.2
0 563 -565.95 -102.9
0 564 -583.1 -68.6
0 565 -600.25 -34.3
0 566 -617.4 0
0 567 -600.25 34.3
0 568 -583.1 68.6
0 569 -565.95 102.9
0 570 -548.8 137.2
0 571 -531.65 171.5
0 572 -514.5 205.8
0 573 -497.35 240.1
0 574 -480.2 274.4
0 575 -463.05 308.7
0 576 -445.9 343
0 577 -428.75 377.3
0 578 -411.6 411.6
0 579 -394.45 445.9
0 580 -377.3 480.2
0 581 -360.15 514.5
0 582 411.6 480.2
0 583 428.75 445.9
0 584 445.9 411.6
0 585 463.05 377.3
0 586 480.2 343
0 587 497.35 308.7
0 588 514.5 274.4
0 589 531.65 240.1
0 590 548.8 205.8
0 591 565.95 171.5
0 592 583.1 137.2
0 593 600.25 102.9
0 594 617.4 68.6
0 595 634.55 34.3
0 596 634.55 -34.3
0 597 617.4 -68.6
0 598 600.25 -102.9
0 599 583.1 -137.2
0 600 565.95 -171.5
0 601 548.8 -205.8
0 602 531.65 -240.1
0 603 514.5 -274.4
0 604 497.35 -308.7
0 605 480.2 -343
0 606 463.05 -377.3
0 607 445.9 -411.6
0 608 428.75 -445.9
0 609 411.6 -480.2
0 610 -411.6 -480.2
0 611 -428.75 -445.9
0 612 -445.9 -411.6
0 613 -463.05 -377.3
0 614 -480.2 -343
0 615 -497.35 -308.7
0 616 -514.5 -274.4
0 617 -531.65 -240.1
0 618 -548.8 -205.8
0 619 -565.95 -171.5
0 620 -583.1 -137.2
0 621 -600.25 -102.9
0 622 -617.4 -68.6
0 623 -634.55 -34.3
0 624 -634.55 34.3
0 625 -617.4 68.6
0 626 -600.25 102.9
0 627 -583.1 137.2
0 628 -565.95 171.5
0 629 -548.8 205.8
0 630 -531.65 240.1
0 631 -514.5 274.4
0 632 -497.35 308.7
0 633 -480.2 343
0 634 -463.05 377.3
0 635 -445.9 411.6
0 636 -428.75 445.9
0 637 -411.6 480.2
0 638 480.2 411.6
0 639 497.35 377.3
0 640 514.5 343
0 641 531.65 308.7
0 642 548.8 274.4
0 643 565.95 240.1
0 644 583.1 205.8
0 645 600.25 171.5
0 646 617.4 137.2
0 647 617.4 -137.2
0 648 600.25 -171.5
0 649 583.1 -205.8
0 650 565.95 -240.1
0 651 548.8 -274.4
0 652 531.65 -308.7
0 653 514.5 -343
0 654 497.35 -377.3
0 655 480.2 -411.6
0 656 -480.2 -411.6
0 657 -497.35 -377.3
0 658 -514.5 -343
0 659 -531.65 -308.7
0 660 -548.8 -274.4
0 661 -565.95 -240.1
0 662 -583.1 -205.8
0 663 -600.25 -171.5
0 664 -617.4 -137.2
0 665 -617.4 137.2
0 666 -600.25 171.5
0 667 -583.1 205.8
0 668 -565.95 240.1
0 669 -548.8 274.4
0 670 -531.65 308.7
0 671 -514.5 343
0 672 -497.35 377.3
0 673 -480.2 411.6
1 0 -188.65 377.3
1 1 -154.35 377.3
1 2 -120.05 377.3
1 3 120.05 377.3
1 4 154.35 377.3
1 5 188.65 377.3
1 6 205.8 343
1 7 205.8 -343
1 8 188.65 -377.3
1 9 154.35 -377.3
1 10 120.05 -377.3
1 11 -120.05 -377.3
1 12 -154.35 -377.3
1 13 -188.65 -377.3
1 14 -205.8 -343
1 15 -205.8 343
1 16 -205.8 411.6
1 17 -171.5 411.6
1 18 -137.2 411.6
1 19 -102.9 411.6
1 20 -68.6 411.6
1 21 -34.3 411.6
1 22 0 411.6
1 23 34.3 411.6
1 24 68.6 411.6
1 25 102.9 411.6
1 26 137.2 411.6
1 27 171.5 411.6
1 28 205.8 411.6
1 29 222.95 377.3
1 30 240.1 343
1 31 257.25 308.7
1 32 394.45 34.3
1 33 411.6 0
1 34 394.45 -34.3
1 35 257.25 -308.7
1 36 240.1 -343
1 37 222.95 -377.3
1 38 205.8 -411.6
1 39 171.5 -411.6
1 40 137.2 -411.6
1 41 102.9 -411.6
1 42 68.6 -411.6
1 43 34.3 -411.6
1 44 0 -411.6
1 45 -34.3 -411.6
1 46 -68.6 -411.6
1 47 -102.9 -411.6
1 48 -137.2 -411.6
1 49 -171.5 -411.6
1 50 -205.8 -411.6
1 51 -222.95 -377.3
1 52 -240.1 -343
1 53 -257.25 -308.7
1 54 -394.45 -34.3
1 55 -411.6 0
1 56 -394.45 34.3
1 57 -257.25 308.7
1 58 -240.1 343
1 59 -222.95 377.3
1 60 -222.95 445.9
1 61 -188.65 445.9
1 62 -154.35 445.9
1 63 -120.05 445.9
1 64 -85.75 445.9
1 65 -51.45 445.9
1 66 -17.15 445.9
1 67 17.15 445.9
1 68 51.45 445.9
1 69 85.75 445.9
1 70 120.05 445.9
1 71 154.35 445.9
1 72 188.65 445.9
1 73 222.95 445.9
1 74 240.1 411.6
1 75 257.25 377.3
1 76 274.4 343
1 77 291.55 308.7
1 78 308.7 274.4
1 79 325.85 240.1
1 80 343 205.8
1 81 360.15 171.5
1 82 377.3 137.2
1 83 394.45 102.9
1 84 411.6 68.6
1 85 428.75 34.3
1 86 445.9 0
1 87 428.75 -34.3
1 88 411.6 -68.6
1 89 394.45 -102.9
1 90 377.3 -137.2
1 91 360.15 -171.5
1 92 343 -205.8
1 93 325.85 -240.1
1 94 308.7 -274.4
1 95 291.55 -308.7
1 96 274.4 -343
1 97 257.25 -377.3
1 98 240.1 -411.6
1 99 222.95 -445.9
1 100 188.65 -445.9
1 101 154.35 -445.9
1 102 120.05 -445.9
1 103 85.75 -445.9
1 104 51.45 -445.9
1 105 17.15 -445.9
1 106 -17.15 -445.9
1 107 -51.45 -445.9
1 108 -85.75 -445.9
1 109 -120.05 -445.9
1 110 -154.35 -445.9
1 111 -188.65 -445.9
1 112 -222.95 -445.9
1 113 -240.1 -411.6
1 114 -257.25 -377.3
1 115 -274.4 -343
1 116 -291.55 -308.7
1 117 -308.7 -274.4
1 118 -325.85 -240.1
1 119 -343 -205.8
1 120 -360.15 -171.5
1 121 -377.3 -137.2
1 122 -394.45 -102.9
1 123 -411.6 -68.6
1 124 -428.75 -34.3
1 125 -445.9 0
1 126 -428.75 34.3
1 127 -411.6 68.6
1 128 -394.45 102.9
1 129 -377.3 137.2
1 130 -360.15 171.5
1 131 -343 205.8
1 132 -325.85 240.1
1 133 -308.7 274.4
1 134 -291.55 308.7
1 135 -274.4 343
1 136 -257.25 377.3
1 137 -240.1 411.6
1 138 -240.1 480.2
1 139 -205.8 480.2
1 140 -171.5 480.2
1 141 -137.2 480.2
1 142 -102.9 480.2
1 143 -68.6 480.2
1 144 -34.3 480.2
1 145 0 480.2
1 146 34.3 480.2
1 147 68.6 480.2
1 148 102.9 480.2
1 149 137.2 480.2
1 150 171.5 480.2
1 151 205.8 480.2
1 152 240.1 480.2
1 153 257.25 445.9
1 154 274.4 411.6
1 155 291.55 377.3
1 156 308.7 343
1 157 325.85 308.7
1 158 343 274.4
1 159 360.15 240.1
1 160 377.3 205.8
1 161 394.45 171.5
1 162 411.6 137.2
1 163 428.75 102.9
1 164 445.9 68.6
1 165 463.05 34.3
1 166 480.2 0
1 167 463.05 -34.3
1 168 445.9 -68.6
1 169 428.75 -102.9
1 170 411.6 -137.2
1 171 394.45 -171.5
1 172 377.3 -205.8
1 173 360.15 -240.1
1 174 343 -274.4
1 175 325.85 -308.7
1 176 308.7 -343
1 177 291.55 -377.3
1 178 274.4 -411.6
1 179 257.25 -445.9
1 180 240.1 -480.2
1 181 205.8 -480.2
1 182 171.5 -480.2
1 183 137.2 -480.2
1 184 102.9 -480.2
1 185 68.6 -480.2
1 186 34.3 -480.2
1 187 0 -480.2
1 188 -34.3 -480.2
1 189 -68.6 -480.2
1 190 -102.9 -480.2
1 191 -137.2 -480.2
1 192 -171.5 -480.2
1 193 -205.8 -480.2
1 194 -240.1 -480.2
1 195 -257.25 -445.9
1 196 -274.4 -411.6
1 197 -291.55 -377.3
1 198 -308.7 -343
1 199 -325.85 -308.7
1 200 -343 -274.4
1 201 -360.15 -240.1
1 202 -377.3 -205.8
1 203 -394.45 -171.5
1 204 -411.6 -137.2
1 205 -428.75 -102.9
1 206 -445.9 -68.6
1 207 -463.05 -34.3
1 208 -480.2 0
1 209 -463.05 34.3
1 210 -445.9 68.6
1 211 -428.75 102.9
1 212 -411.6 137.2
1 213 -394.45 171.5
1 214 -377.3 205.8
1 215 -360.15 240.1
1 216 -343 274.4
1 217 -325.85 308.7
1 218 -308.7 343
1 219 -291.55 377.3
1 220 -274.4 411.6
1 221 -257.25 445.9
1 222 -257.25 514.5
1 223 -222.95 514.5
1 224 -188.65 514.5
1 225 -154.35 514.5
1 226 -120.05 514.5
1 227 -85.75 514.5
1 228 -51.45 514.5
1 229 -17.15 514.5
1 230 17.15 514.5
1 231 51.45 514.5
1 232 85.75 514.5
1 233 120.05 514.5
1 234 154.35 514.5
1 235 188.65 514.5
1 236 222.95 514.5
1 237 257.25 514.5
1 238 274.4 480.2
1 239 291.55 445.9
1 240 308.7 411.6
1 241 325.85 377.3
1 242 343 343
1 243 360.15 308.7
1 244 377.3 274.4
1 245 394.45 240.1
1 246 411.6 205.8
1 247 428.75 171.5
1 248 445.9 137.2
1 249 463.05 102.9
1 250 480.2 68.6
1 251 497.35 34.3
1 252 514.5 0
1 253 497.35 -34.3
1 254 480.2 -68.6
1 255 463.05 -102.9
1 256 445.9 -137.2
1 257 428.75 -171.5
1 258 411.6 -205.8
1 259 394.45 -240.1
1 260 377.3 -274.4
1 261 360.15 -308.7
1 262 343 -343
1 263 325.85 -377.3
1 264 308.7 -411.6
1 265 291.55 -445.9
1 266 274.4 -480.2
1 267 257.25 -514.5
1 268 222.95 -514.5
1 269 188.65 -514.5
1 270 154.35 -514.5
1 271 120.05 -514.5
1 272 85.75 -514.5
1 273 51.45 -514.5
1 274 17.15 -514.5
1 275 -17.15 -514.5
1 276 -51.45 -514.5
1 277 -85.75 -514.5
1 278 -120.05 -514.5
1 279 -154.35 -514.5
1 280 -188.65 -514.5
1 281 -222.95 -514.5
1 282 -257.25 -514.5
1 283 -274.4 -480.2
1 284 -291.55 -445.9
1 285 -308.7 -411.6
1 286 -325.85 -377.3
1 287 -343 -343
1 288 -360.15 -308.7
1 289 -377.3 -274.4
1 290 -394.45 -240.1
1 291 -411.6 -205.8
1 292 -428.75 -171.5
1 293 -445.9 -137.2
1 294 -463.05 -102.9
1 295 -480.2 -68.6
1 296 -497.35 -34.3
1 297 -514.5 0
1 298 -497.35 34.3
1 299 -480.2 68.6
1 300 -463.05 102.9
1 301 -445.9 137.2
1 302 -428.75 171.5
1 303 -411.6 205.8
1 304 -394.45 240.1
1 305 -377.3 274.4
1 306 -360.15 308.7
1 307 -343 343
1 308 -325.85 377.3
1 309 -308.7 411.6
1 310 -291.55 445.9
1 311 -274.4 480.2
1 312 -274.4 548.8
1 313 -240.1 548.8
1 314 -205.8 548.8
1 315 -171.5 548.8
1 316 -137.2 548.8
1 317 -102.9 548.8
1 318 -68.6 548.8
1 319 -34.3 548.8
1 320 0 548.8
1 321 34.3 548.8
1 322 68.6 548.8
1 323 102.9 548.8
1 324 137.2 548.8
1 325 171.5 548.8
1 326 205.8 548.8
1 327 240.1 548.8
1 328 274.4 548.8
1 329 291.55 514.5
1 330 308.7 480.2
1 331 325.85 445.9
1 332 343 411.6
1 333 360.15 377.3
1 334 377.3 343
1 335 394.45 308.7
1 336 411.6 274.4
1 337 428.75 240.1
1 338 445.9 205.8
1 339 463.05 171.5
1 340 480.2 137.2
1 341 497.35 102.9
1 342 514.5 68.6
1 343 531.65 34.3
1 344 548.8 0
1 345 531.65 -34.3
1 346 514.5 -68.6
1 347 497.35 -102.9
1 348 480.2 -137.2
1 349 463.05 -171.5
1 350 445.9 -205.8
1 351 428.75 -240.1
1 352 411.6 -274.4
1 353 394.45 -308.7
1 354 377.3 -343
1 355 360.15 -377.3
1 356 343 -411.6
1 357 325.85 -445.9
1 358 308.7 -480.2
1 359 291.55 -514.5
1 360 274.4 -548.8
1 361 240.1 -548.8
1 362 205.8 -548.8
1 363 171.5 -548.8
1 364 137.2 -548.8
1 365 102.9 -548.8
1 366 68.6 -548.8
1 367 34.3 -548.8
1 368 0 -548.8
1 369 -34.3 -548.8
1 370 -68.6 -548.8
1 371 -102.9 -548.8
1 372 -137.2 -548.8
1 373 -171.5 -548.8
1 374 -205.8 -548.8
1 375 -240.1 -548.8
1 376 -274.4 -548.8
1 377 -291.55 -514.5
1 378 -308.7 -480.2
1 379 -325.85 -445.9
1 380 -343 -411.6
1 381 -360.15 -377.3
1 382 -377.3 -343
1 383 -394.45 -308.7
1 384 -411.6 -274.4
1 385 -428.75 -240.1
1 386 -445.9 -205.8
1 387 -463.05 -171.5
1 388 -480.2 -137.2
1 389 -497.35 -102.9
1 390 -514.5 -68.6
1 391 -531.65 -34.3
1 392 -548.8 0
1 393 -531.65 34.3
1 394 -514.5 68.6
1 395 -497.35 102.9
1 396 -480.2 137.2
1 397 -463.05 171.5
1 398 -445.9 205.8
1 399 -428.75 240.1
1 400 -411.6 274.4
1 401 -394.45 308.7
1 402 -377.3 343
1 403 -360.15 377.3
1 404 -343 411.6
1 405 -325.85 445.9
1 406 -308.7 480.2
1 407 -291.55 514.5
1 408 -222.95 583.1
1 409 -188.65 583.1
1 410 -154.35 583.1
1 411 -120.05 583.1
1 412 -85.75 583.1
1 413 -51.45 583.1
1 414 -17.15 583.1
1 415 17.15 583.1
1 416 51.45 583.1
1 417 85.75 583.1
1 418 120.05 583.1
1 419 154.35 583.1
1 420 188.65 583.1
1 421 222.95 583.1
1 422 308.7 548.8
1 423 325.85 514.5
1 424 343 480.2
1 425 360.15 445.9
1 426 377.3 411.6
1 427 394.45 377.3
1 428 411.6 343
1 429 428.75 308.7
1 430 445.9 274.4
1 431 463.05 240.1
1 432 480.2 205.8
1 433 497.35 171.5
1 434 514.5 137.2
1 435 531.65 102.9
1 436 548.8 68.6
1 437 565.95 34.3
1 438 583.1 0
1 439 565.95 -34.3
1 440 548.8 -68.6
1 441 531.65 -102.9
1 442 514.5 -137.2
1 443 497.35 -171.5
1 444 480.2 -205.8
1 445 463.05 -240.1
1 446 445.9 -274.4
1 447 428.75 -308.7
1 448 411.6 -343
1 449 394.45 -377.3
1 450 377.3 -411.6
1 451 360.15 -445.9
1 452 343 -480.2
1 453 325.85 -514.5
1 454 308.7 -548.8
1 455 222.95 -583.1
1 456 188.65 -583.1
1 457 154.35 -583.1
1 458 120.05 -583.1
1 459 85.75 -583.1
1 460 51.45 -583.1
1 461 17.15 -583.1
1 462 -17.15 -583.1
1 463 -51.45 -583.1
1 464 -85.75 -583.1
1 465 -120.05 -583.1
1 466 -154.35 -583.1
1 467 -188.65 -583.1
1 468 -222.95 -583.1
1 469 -308.7 -548.8
1 470 -325.85 -514.5
1 471 -343 -480.2
1 472 -360.15 -445.9
1 473 -377.3 -411.6
1 474 -394.45 -377.3
1 475 -411.6 -343
1 476 -428.75 -308.7
1 477 -445.9 -274.4
1 478 -463.05 -240.1
1 479 -480.2 -205.8
1 480 -497.35 -171.5
1 481 -514.5 -137.2
1 482 -531.65 -102.9
1 483 -548.8 -68.6
1 484 -565.95 -34.3
1 485 -583.1 0
1 486 -565.95 34.3
1 487 -548.8 68.6
1 488 -531.65 102.9
1 489 -514.5 137.2
1 490 -497.35 171.5
1 491 -480.2 205.8
1 492 -463.05 240.1
1 493 -445.9 274.4
1 494 -428.75 308.7
1 495 -411.6 343
1 496 -394.45 377.3
1 497 -377.3 411.6
1 498 -360.15 445.9
1 499 -343 480.2
1 500 -325.85 514.5
1 501 -308.7 548.8
1 502 -137.2 617.4
1 503 -102.9 617.4
1 504 -68.6 617.4
1 505 -34.3 617.4
1 506 0 617.4
1 507 34.3 617.4
1 508 68.6 617.4
1 509 102.9 617.4
1 510 137.2 617.4
1 511 360.15 514.5
1 512 377.3 480.2
1 513 394.45 445.9
1 514 411.6 411.6
1 515 428.75 377.3
1 516 445.9 343
1 517 463.05 308.7
1 518 480.2 274.4
1 519 497.35 240.1
1 520 514.5 205.8
1 521 531.65 171.5
1 522 548.8 137.2
1 523 565.95 102.9
1 524 583.1 68.6
1 525 600.25 34.3
1 526 617.4 0
1 527 600.25 -34.3
1 528 583.1 -68.6
1 529 565.95 -102.9
1 530 548.8 -137.2
1 531 531.65 -171.5
1 532 514.5 -205.8
1 533 497.35 -240.1
1 534 480.2 -274.4
1 535 463.05 -308.7
1 536 445.9 -343
1 537 428.75 -377.3
1 538 411.6 -411.6
1 539 394.45 -445.9
1 540 377.3 -480.2
1 541 360.15 -514.5
1 542 137.2 -617.4
1 543 102.9 -617.4
1 544 68.6 -617.4
1 545 34.3 -617.4
1 546 0 -617.4
1 547 -34.3 -617.4
1 548 -68.6 -617.4
1 549 -102.9 -617.4
1 550 -137.2 -617.4
1 551 -360.15 -514.5
1 552 -377.3 -480.2
1 553 -394.45 -445.9
1 554 -411.6 -411.6
1 555 -428.75 -377.3
1 556 -445.9 -343
1 557 -463.05 -308.7
1 558 -480.2 -274.4
1 559 -497.35 -240.1
1 560 -514.5 -205.8
1 561 -531.65 -171.5
1 562 -548.8 -137.2
1 563 -565.95 -102.9
1 564 -583.1 -68.6
1 565 -600.25 -34.3
1 566 -617.4 0
1 567 -600.25 34.3
1 568 -583.1 68.6
1 569 -565.95 102.9
1 570 -548.8 137.2
1 571 -531.65 171.5
1 572 -514.5 205.8
1 573 -497.35 240.1
1 574 -480.2 274.4
1 575 -463.05 308.7
1 576 -445.9 343
1 577 -428.75 377.3
1 578 -411.6 411.6
1 579 -394.45 445.9
1 580 -377.3 480.2
1 581 -360.15 514.5
1 582 411.6 480.2
1 583 428.75 445.9
1 584 445.9 411.6
1 585 463.05 377.3
1 586 480.2 343
1 587 497.35 308.7
1 588 514.5 274.4
1 589 531.65 240.1
1 590 548.8 205.8
1 591 565.95 171.5
1 592 583.1 137.2
1 593 600.25 102.9
1 594 617.4 68.6
1 595 634.55 34.3
1 596 634.55 -34.3
1 597 617.4 -68.6
1 598 600.25 -102.9
1 599 583.1 -137.2
1 600 565.95 -171.5
1 601 548.8 -205.8
1 602 531.65 -240.1
1 603 514.5 -274.4
1 604 497.35 -308.7
1 605 480.2 -343
1 606 463.05 -377.3
1 607 445.9 -411.6
1 608 428.75 -445.9
1 609 411.6 -480.2
1 610 -411.6 -480.2
1 611 -428.75 -445.9
1 612 -445.9 -411.6
1 613 -463.05 -377.3
1 614 -480.2 -343
1 615 -497.35 -308.7
1 616 -514.5 -274.4
1 617 -531.65 -240.1
1 618 -548.8 -205.8
1 619 -565.95 -171.5
1 620 -583.1 -137.2
1 621 -600.25 -102.9
1 622 -617.4 -68.6
1 623 -634.55 -34.3
1 624 -634.55 34.3
1 625 -617.4 68.6
1 626 -600.25 102.9
1 627 -583.1 137.2
1 628 -565.95 171.5
1 629 -548.8 205.8
1 630 -531.65 240.1
1 631 -514.5 274.4
1 632 -497.35 308.7
1 633 -480.2 343
1 634 -463.05 377.3
1 635 -445.9 411.6
1 636 -428.75 445.9
1 637 -411.6 480.2
1 638 480.2 411.6
1 639 497.35 377.3
1 640 514.5 343
1 641 531.65 308.7
1 642 548.8 274.4
1 643 565.95 240.1
1 644 583.1 205.8
1 645 600.25 171.5
1 646 617.4 137.2
1 647 617.4 -137.2
1 648 600.25 -171.5
1 649 583.1 -205.8
1 650 565.95 -240.1
1 651 548.8 -274.4
1 652 531.65 -308.7
1 653 514.5 -343
1 654 497.35 -377.3
1 655 480.2 -411.6
1 656 -480.2 -411.6
1 657 -497.35 -377.3
1 658 -514.5 -343
1 659 -531.65 -308.7
1 660 -548.8 -274.4
1 661 -565.95 -240.1
1 662 -583.1 -205.8
1 663 -600.25 -171.5
1 664 -617.4 -137.2
1 665 -617.4 137.2
1 666 -600.25 171.5
1 667 -583.1 205.8
1 668 -565.95 240.1
1 669 -548.8 274.4
1 670 -531.65 308.7
1 671 -514.5 343
1 672 -497.35 377.3
1 673 -480.2 411.6
