TABLE CRVSiPM
#channel,pedestal,calibPulseHeight,calibPulseArea
0,2037.75,12.1712,350.428
1,2043.54,11.8853,355.17
2,2044.6,12.8625,350.355
3,2053.14,12.5078,388.214
4,2055.8,14.3804,381.253
5,2050.8,13.0258,365.036
6,2049.14,15.052,388.688
7,2040.46,13.5692,337.594
8,2037.89,13.8781,391.696
9,2039.07,11.2646,317.4
10,2052.3,12.9241,371.488
11,2061.83,12.0106,342.21
12,2029.34,12.7629,367.677
13,2042.97,12.6123,348.597
14,2037.78,13.6044,375.189
15,2042.07,12.0658,335.225
16,2045.97,12.2687,323.535
17,2028.28,11.5219,330.319
18,2027.96,12.5637,364.535
19,2049.21,11.9186,352.552
20,2047.75,12.4099,356.487
21,2060.23,12.7654,365.655
22,2053.44,13.9249,364.63
23,2049.31,13.1713,370.494
24,2041.98,13.1387,364.358
25,2046.53,12.7489,366.227
26,2038.45,12.7355,364.385
27,2049.3,13.013,376.486
28,2064.69,12.851,371.62
29,2049.33,13.73,383.25
30,2034.4,12.8883,372.273
31,2067.43,12.8561,345.834
32,2035.58,12.128,354.668
33,2039.45,12.7995,352.975
34,2040.24,12.202,343.695
35,2030.98,14.0001,384.536
36,2051.03,13.0643,362.592
37,2047.8,14.0441,382.263
38,2045.93,13.431,371.97
39,2051.14,13.6902,383.338
40,2031.1,12.1276,352.457
41,2051.62,12.0603,327.916
42,2052.8,11.7743,354.836
43,2046.42,13.2523,369.56
44,2059.67,14.7051,417.375
45,2038.06,13.6833,371.943
46,2043.95,12.3913,341.127
47,2034.75,11.6421,338.731
48,2042.56,13.4888,372.628
49,2045.21,12.7421,357.329
50,2041.69,13.3028,372.284
51,2041.97,12.2433,347.886
52,2038.05,13.1478,377.855
53,2042.31,13.187,366.768
54,2038.69,13.4601,375.144
55,2053.12,13.4266,372.464
56,2053.63,12.6125,368.647
57,2053.9,12.0032,343.307
58,2068.22,12.4115,362.692
59,2040.58,12.052,342.185
60,2035.64,14.4554,405.421
61,2047.33,13.4101,375.258
62,2045.07,12.693,369.617
63,2045.73,13.0751,364.326
64,2046.91,13.1814,384.161
65,2058.51,13.2014,365.721
66,2040.1,13.1346,384.504
67,2032.71,12.0451,345.644
68,2054.18,13.5145,344.602
69,2054.28,13.5335,376.117
70,2049.43,12.9163,337.375
71,2038.16,12.65,334.22
72,2037.99,14.6262,405.516
73,2049.65,11.9378,338.533
74,2040.67,13.8568,390.008
75,2062.55,11.4895,328.433
76,2054.23,13.2116,368.785
77,2051.82,12.9285,356.597
78,2044.51,12.4619,342.882
79,2056.61,12.8669,364.249
80,2039.54,12.6646,341.409
81,2045.29,13.1372,380.449
82,2059.17,11.7962,345.224
83,2038.83,12.4685,364.913
84,2042.43,12.7563,356.687
85,2042.26,12.3568,355.888
86,2035.05,12.7383,354.575
87,2050.78,12.0866,351.601
88,2036.06,11.6216,339.183
89,2061.15,13.4153,404.023
90,2045.87,12.7889,368.969
91,2054.29,13.2596,389.719
92,2038.87,11.1615,325.732
93,2063.25,12.4979,366.463
94,2039.68,12.6528,349.101
95,2049.25,12.6776,368.982
96,2054.21,12.5747,345.928
97,2053.56,11.4785,328.645
98,2047.77,11.7719,335.365
99,2054.37,11.9612,348.771
100,2055.96,12.8773,362.351
101,2036.66,12.097,335.365
102,2069.25,13.6532,374.765
103,2048.64,12.0522,333.078
104,2029.19,12.1072,342.3
105,2030.94,11.806,343.505
106,2047.25,12.8513,368.463
107,2052.45,11.5951,333.491
108,2059.59,11.9909,349.043
109,2037.95,11.303,328.353
110,2038.63,13.242,363.435
111,2067.87,11.625,334.508
112,2054.79,13.0671,366.536
113,2060.8,13.7232,400.083
114,2047.39,12.9491,356.757
115,2054.58,12.8822,370.544
116,2049.28,13.1773,360.277
117,2048.49,13.3751,365.718
118,2061.82,13.525,366.628
119,2061.23,14.0224,394.273
120,2044.57,13.4618,360.393
121,2052.86,13.3341,368.357
122,2057.41,12.9466,357.347
123,2046.92,12.4848,349.579
124,2045.13,12.9158,363.48
125,2043.12,13.2893,371.423
126,2056.55,13.5139,368.174
127,2052.5,12.3753,351.732
128,2047.26,12.4554,359.127
129,2046.33,12.5118,346.048
130,2038.42,12.9395,353.239
131,2046,13.4322,374.651
132,2027.72,12.6287,342.315
133,2040,12.9169,346.103
134,2043.36,13.4933,335.2
135,2042.18,14.4715,374.252
136,2042.12,12.6949,363.212
137,2021.09,11.5709,331.48
138,2039.92,13.3326,375.293
139,2033.05,12.0725,360.052
140,2054.41,13.4469,370.138
141,2048.95,13.9312,373.851
142,2035.79,13.3547,366.065
143,2035.93,12.8267,343.014
144,2050.47,12.2289,367.654
145,2040.37,12.9581,363.415
146,2050.09,12.1045,337.825
147,2052.16,12.7716,358.399
148,2040.38,12.1021,323.653
149,2037.87,12.8274,355.966
150,2055.06,13.7562,357.42
151,2054.66,14.707,396.04
152,2054.58,13.3913,383.887
153,2050.94,11.9771,353.27
154,2053.14,12.2009,361.757
155,2042.01,11.8975,347.293
156,2047.9,13.7332,369.806
157,2037.84,13.2304,380.03
158,2046.51,12.8318,331.05
159,2066.93,12.549,346.191
160,2043.1,11.833,335.101
161,2058.16,12.9914,364.292
162,2063.93,13.4363,374.624
163,2050.83,12.763,363.824
164,2049.75,12.6671,339.044
165,2053.32,12.4604,348.513
166,2049.24,13.6086,349.463
167,2041.08,14.3583,385.798
168,2054.45,13.2639,367.711
169,2043.17,12.567,357.481
170,2039.03,12.9313,360.958
171,2053.42,13.5499,387.735
172,2053.14,11.9052,335.608
173,2046.82,12.6556,357.139
174,2057.47,13.0743,349.947
175,2046.66,14.2765,365.158
176,2044.75,12.3337,347.203
177,2024.69,12.3972,355.856
178,2063.39,12.1726,353.979
179,2039.78,11.7743,364.422
180,2047.48,12.401,345.575
181,2047.44,11.7311,329.717
182,2045.69,13.4493,366.487
183,2061.4,12.8746,350.09
184,2039.04,13.3496,366.475
185,2033.52,12.3211,362.438
186,2043.61,12.6009,355.576
187,2034.27,11.5123,335.054
188,2052.88,12.7438,354.911
189,2036.79,12.8017,361.906
190,2058.23,13.0008,357.534
191,2064.15,12.5574,352.228
192,2049.53,12.8656,365.22
193,2023.96,12.3788,352.655
194,2040.44,12.6961,369.622
195,2014.59,10.7557,322.51
196,2030.85,13.0132,365.442
197,2032.75,13.3585,374.469
198,2046.41,14.1649,402.516
199,2035.59,12.0721,351.73
200,2049.77,13.0992,366.982
201,2055.67,12.0645,357.672
202,2055.23,12.5539,362.519
203,2048.51,11.6298,345.895
204,2055.38,13.3257,365.49
205,2051.62,12.2321,353.762
206,2062.24,13.23,382.659
207,2035.95,12.4163,373.711
208,2040.33,12.7413,349.581
209,2046.53,-1,334.172
210,2034.53,12.9565,369.453
211,2062.62,12.2917,368.863
212,2056.02,13.2796,349.563
213,2037.72,-1,-1
214,2049.38,13.7619,366.271
215,2038.46,11.034,345.236
216,2054.22,13.9422,378.085
217,2041.71,11.879,342.996
218,2041.36,12.9349,358.584
219,2049.98,12.2005,357.039
220,2046.5,13.2974,363.981
221,2044.85,12.04,349.364
222,2048.13,14.4559,393.932
223,2050.19,13.1923,366.717
224,2039.54,12.671,358.69
225,2034.94,11.886,340.345
226,2024.96,12.9662,366.145
227,2037.05,12.2819,349.377
228,2035.42,12.4802,359.631
229,2055.26,12.0671,355.064
230,2044.83,13.2815,367.395
231,2041.71,13.2223,370.402
232,2036.8,13.2637,366.508
233,2055.67,11.9286,351.025
234,2054.6,11.1351,320.124
235,2029.16,12.17,391.887
236,2044.46,13.4895,369.67
237,2035.75,12.8013,369.995
238,2048.55,11.8029,339.514
239,2049.93,13.0494,370.079
240,2042.99,12.9864,368.209
241,2040.26,11.9362,348.743
242,2047.98,13.0695,367.504
243,2061.19,14.1992,403.509
244,2031.22,13.1815,362.536
245,2044.99,13.31,375.912
246,2050.08,12.9625,358.219
247,2045.9,13.458,375.445
248,2036.54,12.6974,348.76
249,2037.57,13.3512,376.106
250,2070.6,11.9143,339.983
251,2045.35,13.4872,393.101
252,2043.97,12.557,351.588
253,2048.18,13.9906,399.771
254,2060.09,12.1676,338.08
255,2040.99,14.048,387.966
256,2039.87,12.6909,354.225
257,2057.93,12.7873,340.348
258,2035.45,12.0083,323.525
259,2039.83,14.4983,388.992
260,2046.61,12.7587,342.96
261,2062.43,13.4239,339.561
262,2021.6,14.3581,358.912
263,2039.35,14.0851,334.248
264,2032.54,11.8738,380.571
265,2043.2,13.099,355.78
266,2054.77,-1,378.784
267,2041.42,12.8219,346.697
268,2045.81,12.4443,361.262
269,2042,12.1058,308.283
270,2050.61,12.8892,349.016
271,2046.74,13.9269,367.837
272,2041.56,12.8805,359.54
273,2047.98,12.5621,350.376
274,2051.59,12.1131,363.479
275,2031.87,11.9288,333.622
276,2035.97,13.4733,366.615
277,2055.88,12.1574,311.196
278,2031.8,13.871,376.254
279,2039.85,13.0014,346.389
280,2037.17,12.867,410.511
281,2054.99,11.4396,327.213
282,2043.95,11.3552,361.104
283,2039.59,12.3226,349.909
284,2032.91,12.5977,355.225
285,2047.59,12.5847,354.232
286,2033.95,13.9725,398.805
287,2041.67,12.2921,334.69
288,2038.2,12.1063,334.983
289,2065.18,12.0647,348.854
290,2047.75,12.109,345.936
291,2042.03,12.7955,369.916
292,2039.06,12.6581,360.897
293,2042.55,13.3239,363.327
294,2061.31,13.1412,359.439
295,2044.8,15.1059,394.288
296,2041.05,11.7451,338.275
297,2058.97,11.8776,368.8
298,2056.69,11.9307,359.679
299,2041.7,12.3493,361.849
300,2046.01,13.766,384.659
301,2046.1,12.883,352.276
302,2041.76,12.856,365.138
303,2047.65,12.9501,341.662
304,2047.35,13.2298,375.8
305,2038.06,12.7402,376.681
306,2035.41,11.3582,332.602
307,2025.25,12.0351,371.056
308,2031.98,13.34,359.643
309,2056.76,12.7598,362.288
310,2058.31,13.1626,364.079
311,2048.4,13.1292,366.713
312,2047.36,12.0216,383.823
313,2038.43,11.9926,360.592
314,2044.47,12.5661,435.372
315,2044.38,11.1052,369.944
316,2051.55,13.3391,399.71
317,2041.94,13.0868,388.185
318,2048.35,13.3647,376.387
319,2039.8,12.2283,356.416
320,2035.34,12.6982,390.076
321,2055.98,13.2456,373.529
322,2028.07,13.178,410.588
323,2060.32,13.0147,370.484
324,2043.22,13.328,380.676
325,2047.92,13.8932,385.182
326,2050.31,13.1991,384.157
327,2045.01,14.3126,376.495
328,2045.54,-1,397.75
329,2039.38,12.3113,339.687
330,2050.51,11.4675,384.604
331,2044.62,12.4033,357.434
332,2048.35,11.751,389.652
333,2047.93,12.8567,357.759
334,2046.32,12.4674,369.187
335,2050.94,14.4393,390.465
336,2044.15,12.8826,390.73
337,2038.15,12.1339,346.188
338,2047.19,11.2539,342.765
339,2047.99,12.0234,351.349
340,2044.92,11.9418,335.996
341,2034.33,11.7644,335.774
342,2046.07,11.9692,343.755
343,2046.93,13.0382,371.939
344,2041.72,11.36,335.788
345,2041.04,11.753,344.362
346,2050.13,10.4458,336.194
347,2066,11.2831,331.279
348,2033.72,12.6426,362.582
349,2043.89,12.4183,363.245
350,2032.3,12.3164,357.701
351,2044.74,11.3689,327.765
352,2039.09,13.3592,391.134
353,2041.99,12.506,347.954
354,2054.58,12.6115,385.999
355,2051.09,12.7291,357.692
356,2041.06,12.0902,339.361
357,2035.59,12.7769,341.853
358,2035.17,12.5557,366.996
359,2040.29,12.1978,335.701
360,2037.57,-1,349.957
361,2053.82,12.0791,346.619
362,2053.88,-1,358.902
363,2037.86,12.3729,357.737
364,2052.91,12.1037,369.097
365,2035.31,11.8819,334.945
366,2052.33,12.1848,378.867
367,2041.81,12.0275,338.901
368,2049.64,12.8545,391.12
369,2056.12,12.7749,367.57
370,2037.78,11.2131,360.754
371,2045.05,12.3915,353.596
372,2037.69,12.5552,373.645
373,2053.18,12.2912,344.788
374,2011.41,11.768,350.885
375,2033.17,12.573,339.501
376,2034.66,12.5048,369.993
377,2042.08,10.796,306.14
378,2051.79,11.7972,344.267
379,2051.03,12.4852,350.093
380,2058.37,13.2253,372.328
381,2044.63,12.4676,344.8
382,2033.42,13.2224,381.794
383,2049.48,12.9515,358.402
384,2050.23,11.8604,333.888
385,2050.86,14.2667,396.777
386,2055.49,11.5542,325.904
387,2035.12,13.9071,367.76
388,2053,12.8142,337.756
389,2052.74,14.6961,400.188
390,2065.86,12.9571,332.517
391,2053.98,15.0751,355.483
392,2049.32,-1,350.224
393,2040.49,13.0357,361.929
394,2060.53,10.7672,318.105
395,2050.52,12.8698,358.744
396,2027.23,11.4778,323.032
397,2041.87,13.018,326.183
398,2045.36,12.3129,342.736
399,2045.7,12.6669,320.298
400,2037.71,13.0054,414.003
401,2061.13,13.0865,366.344
402,2054.74,13.1877,419.006
403,2043.67,13.6831,383.031
404,2044.78,13.4712,377.201
405,2055.46,13.7647,371.939
406,2062.39,13.9351,359.794
407,2057.98,13.8922,376.92
408,2052.68,13.5625,411.109
409,2033.6,13.3457,379.254
410,2060.44,13.4773,377.171
411,2049.51,12.4901,352.352
412,2056.34,15.2601,420.689
413,2051.81,12.8621,362.276
414,2047.48,14.1986,377.647
415,2051.56,14.0213,376.153
416,2046.42,11.9949,346.379
417,2042.23,12.6504,361.791
418,2050.77,12.8938,375.177
419,2037.73,11.8381,340.344
420,2060.81,12.2265,336.924
421,2041.88,12.8357,345.826
422,2065.46,12.0725,323.214
423,2061,13.7201,361.335
424,2046.5,14.1143,394.725
425,2041.93,12.0773,347.395
426,2059.51,12.9083,372.373
427,2050.34,11.6999,338.88
428,2065.86,13.5345,374.006
429,2035.13,12.8218,344.678
430,2040.1,14.6041,390.701
431,2055.01,12.8708,360.222
432,2050.95,12.162,344.41
433,2050.39,12.1445,351.671
434,2047.09,11.7224,335.022
435,2039.29,11.0961,316.035
436,2052.12,12.4814,356.639
437,2047.95,12.1716,340.996
438,2038.36,13.272,357.246
439,2039.2,12.8773,357.332
440,2043.1,12.1274,341.689
441,2053.99,13.3347,375.239
442,2038.85,11.9506,338.051
443,2043.18,12.6663,366.158
444,2045.44,12.5176,348.345
445,2040.43,12.9347,362.861
446,2059.45,12.4731,354.749
447,2049.05,13.0029,357.056
448,2054.4,13.4008,374.588
449,2048.86,13.0923,376.376
450,2052.04,13.5694,381.764
451,2056.69,12.2727,352.923
452,2042.21,13.6703,384.238
453,2057.15,13.0168,359.094
454,2045.33,13.2583,384.746
455,2033.02,12.9776,370.741
456,2040.64,-1,393.142
457,2057.65,13.1229,373.607
458,2026.85,-1,373.303
459,2045.82,12.4133,361.422
460,2055.64,12.2867,398.618
461,2036.76,13.9347,400.182
462,2053.68,-1,-1
463,2060.45,12.2766,333.755
464,2048.1,12.3555,360.763
465,2041.57,13.3713,379.029
466,2034.07,13.7978,403.149
467,2053.93,12.8597,366.443
468,2037.48,13.5257,372.785
469,2044.67,13.2736,368.518
470,2043.89,14.5667,394.728
471,2049.63,13.4657,368.267
472,2061.21,13.8788,388.875
473,2054.31,13.5199,385.146
474,2063.16,13.1734,380.489
475,2061.48,13.171,366.129
476,2065.15,13.2863,364.674
477,2047.24,12.8973,345
478,2035.77,13.1315,359.096
479,2049.86,13.606,374.235
480,2050.17,12.826,372.127
481,2052.99,12.4209,354.142
482,2051.43,12.7334,355.463
483,2058.89,12.8614,367.081
484,2056.26,12.5576,352.665
485,2053.74,12.6253,357.541
486,2057.39,12.4095,337.459
487,2048.84,12.4274,347.489
488,2059.19,11.7437,336.093
489,2049.71,11.8091,346.65
490,2035.44,10.9267,349.4
491,2052.13,13.0939,366.948
492,2043.08,13.5274,365.422
493,2047.72,13.3122,363.964
494,2067.89,12.6835,353.211
495,2048.92,12.6921,350.44
496,2052.36,12.885,397.679
497,2053.47,12.8745,367.894
498,2044.85,13.4967,388.195
499,2058.51,13.0706,370.321
500,2042.98,12.0428,344.149
501,2058.22,13.0411,365.95
502,2043.48,13.07,360.7
503,2041.46,13.1377,358.983
504,2032.17,12.3001,359.056
505,2035.37,12.9758,367.304
506,2035.38,12.4056,362.52
507,2037.8,13.0056,379.75
508,2032.72,13.4968,391.809
509,2031.85,14.2729,404.065
510,2038.98,13.153,376.44
511,2048.19,14.1473,394.376
512,2048.3,12.8122,354.052
513,2049.52,11.8599,348.555
514,2040.76,12.3687,328.037
515,2038.78,12.7205,372.831
516,2032.58,13.9914,356.759
517,2038.46,12.0732,342.303
518,2058.63,14.0808,344.536
519,2041.63,13.9988,353.694
520,2042.34,-1,-1
521,2055.25,11.6842,354.045
522,2056.2,12.0441,344.008
523,2050.44,12.6157,371.786
524,2051.97,12.5102,347.019
525,2038.2,13.3902,382.486
526,2053.59,13.0567,334.497
527,2048.45,13.4867,394.418
528,2036.72,12.5771,355.113
529,2055.06,11.8985,354.588
530,2030.66,12.9391,374.124
531,2052.55,12.315,360.939
532,2038.52,13.5227,368.803
533,2052.87,12.3545,349.11
534,2037.84,13.5145,364.276
535,2050.48,13.017,362.058
536,2045.9,10.7236,304.897
537,2049.31,13.8817,398.721
538,2066.74,-1,301.071
539,2052.9,12.787,375.654
540,2072.54,13.4834,367.549
541,2042.35,11.6355,313.644
542,2031.55,12.2314,337.239
543,2051.54,13.0486,361.47
544,2048.45,13.6227,395.416
545,2054.63,13.0052,364.781
546,2032.25,12.7386,377.907
547,2046.11,12.3958,356.372
548,2029.13,13.5956,363.221
549,2050.79,12.7282,341.25
550,2031.74,15.1704,387.162
551,2029.93,14.4222,399.049
552,2052.33,-1,-1
553,2044.97,13.3297,368.408
554,2046.16,11.6322,367.188
555,2043.57,12.239,354.883
556,2036.47,13.0003,397.525
557,2045.41,13.6147,358.211
558,2055.22,14.3331,412.751
559,2053.42,13.8334,379.858
560,2052.87,-1,383.504
561,2047.6,12.7956,370.45
562,2050.17,-1,381.139
563,2044.2,12.5785,362.625
564,2029.57,-1,373.082
565,2053.32,12.8347,366.712
566,2050.3,12.6322,357.869
567,2053.35,12.4343,343.608
568,2053.45,11.3036,334.068
569,2079.7,12.7949,368.225
570,2047.02,-1,318.319
571,2046.99,12.1785,358.953
572,2055.83,11.2131,321.414
573,2051.81,12.837,370.715
574,2056.44,-1,297.518
575,2059.39,13.2198,367.171
576,2034.26,12.8428,369.834
577,2060.66,12.7775,370.506
578,2055.47,12.1232,349.19
579,2035.09,12.7718,364.367
580,2041.45,12.6834,348.046
581,2047.21,12.4942,329.864
582,2043.33,13.3628,364.95
583,2034.48,12.4515,332.654
584,2038.51,12.7603,364.855
585,2042.63,12.6556,359.496
586,2060.69,12.6644,364.55
587,2057.04,12.4861,362.297
588,2043.67,13.5258,360.775
589,2044.77,12.7731,365.168
590,2023.59,13.6966,388.809
591,2043.75,13.1058,359.778
592,2043.89,13.5089,387.173
593,2041.09,13.6274,387.223
594,2045.43,12.1377,351.726
595,2051.48,13.8591,393.587
596,2054.18,12.848,366.929
597,2076.29,11.6847,331.934
598,2047.08,14.0424,383.574
599,2052.34,12.7402,349.82
600,2054.24,12.7029,367.238
601,2050.02,12.7639,361.114
602,2059.24,12.6334,366.219
603,2061.25,12.4624,353.214
604,2052.77,13.1773,370.265
605,2057.05,12.1296,353.896
606,2035.82,12.7103,355.4
607,2056.56,13.6508,379.478
608,2033.53,11.698,338.49
609,2047.51,12.0795,353.234
610,2049.8,12.3608,352.422
611,2057.04,12.2718,347.651
612,2022.38,13.0103,370.588
613,2026.58,11.6954,307.411
614,2037.83,13.5383,377.917
615,2033.69,12.9108,351.349
616,2051.74,12.1806,342.203
617,2035.13,12.6942,362.169
618,2034.37,12.1142,353.131
619,2043.49,11.5328,343.718
620,2051.13,12.4576,349.526
621,2054.61,12.58,356.571
622,2041.08,12.9377,365.279
623,2049.87,12.9088,366.563
624,2038.16,12.2046,351.536
625,2046.41,11.838,342.683
626,2040.3,12.2353,348.543
627,2054.19,12.6318,364.11
628,2045.68,12.3391,344.449
629,2016.09,12.3822,352.67
630,2043.1,12.3453,338.649
631,2046.9,12.6584,340.308
632,2039.38,11.9459,380.945
633,2037.05,12.1238,345.236
634,2044.36,12.1888,380.186
635,2066.62,12.2369,351.24
636,2034.25,12.3398,354.612
637,2043.94,12.8525,362.599
638,2044.29,12.5904,370.038
639,2050.39,12.7316,360.142
640,2040.81,12.5751,357.708
641,2046.36,12.7034,367.005
642,2048.41,13.5314,371.39
643,2041.46,13.602,365.172
644,2057.04,13.472,370.912
645,2025.61,13.7831,358.871
646,2051.56,14.7351,365.378
647,2031.16,14.5498,345.229
648,2045.91,13.6556,398.064
649,2042.86,-1,387.597
650,2041.52,12.409,372.899
651,2053,11.3483,375.766
652,2051.83,12.0257,315.64
653,2034.67,11.524,352.325
654,2049.13,13.5448,367.808
655,2041.07,13.8976,402.338
656,2057.74,-1,395.124
657,2027.07,12.3371,359.391
658,2037.64,-1,356.344
659,2045.45,11.6033,355.273
660,2039.92,11.9837,352.386
661,2048.11,12.5119,362.765
662,2056.04,12.9338,373.505
663,2042.87,13.8344,378.19
664,2040.01,11.2118,364.807
665,2040.16,12.6659,372.902
666,2040.98,-1,351.763
667,2055.44,12.0462,366.096
668,2049.93,11.3787,318.404
669,2031.67,12.3364,363.181
670,2045.29,13.5737,395.353
671,2041.34,12.5996,363.476
672,2044.62,12.1461,354.381
673,2043.05,11.9189,341.812
674,2045.42,13.0003,366.908
675,2042.19,11.6017,338.716
676,2044.75,13.7208,375.729
677,2024.01,11.569,320.138
678,2038.17,14.4728,397.65
679,2060.44,11.9223,317.923
680,2062.05,12.8766,375.57
681,2047.17,11.3597,331.59
682,2051.28,12.6266,363.96
683,2060.47,11.8672,353.287
684,2062.18,13.5669,368.583
685,2046.14,12.594,361.153
686,2030.19,13.2139,368.096
687,2043.56,11.5374,326.524
688,2046.66,12.7871,398.874
689,2044.76,12.5665,362.923
690,2043.19,12.2012,356.789
691,2042.75,12.9169,367.497
692,2066.39,12.9762,373.849
693,2052.69,14.1896,394.14
694,2051.56,12.78,339.065
695,2052.73,12.579,352.679
696,2036.75,12.6857,367.22
697,2043.06,12.0698,386.442
698,2051.47,11.5723,364.714
699,2038.68,11.6194,348.357
700,2051.5,13.1505,371.532
701,2040.93,13.3991,369.328
702,2056.42,13.5199,379.873
703,2047.01,12.2688,355.402
704,2055.6,14.0582,396.271
705,2039.2,13.7662,394.192
706,2045.26,13.7897,395.033
707,2026.17,11.8786,344.968
708,2046.31,14.1633,390.263
709,2042.78,12.2517,329.304
710,2047.64,13.8244,380.607
711,2049.09,12.3213,354.485
712,2053.04,12.9682,387.814
713,2034.97,11.9736,344.418
714,2047.01,11.9933,370.263
715,2039.89,11.9228,351.709
716,2044.1,12.8117,364.462
717,2060.93,12.3922,353.344
718,2043.95,12.496,357.626
719,2061.45,13.0468,376.299
720,2057.77,12.9895,378.96
721,2054.51,12.2484,360.165
722,2037.11,13.2803,385.033
723,2042.98,12.0653,348.117
724,2035.73,13.4158,378.642
725,2046.6,13.5181,382.049
726,2037.15,13.7128,372.767
727,2041.97,12.6293,358.384
728,2055.29,12.3733,370.586
729,2055.59,12.9647,375.742
730,2037.27,12.6769,372.586
731,2038.74,12.5742,366.353
732,2037.53,12.1325,353.296
733,2041.08,12.197,354.406
734,2039.83,13.003,365.305
735,2046.59,13.0035,373.436
736,2033.06,11.6818,362.356
737,2052.63,12.8308,386.462
738,2053.31,12.3301,379.523
739,2049,12.4031,358.935
740,2055.81,12.4101,355.404
741,2043.72,12.2293,353.662
742,2037.33,13.4703,378.962
743,2047.87,12.5012,355.267
744,2053.97,12.6662,397.703
745,2063.19,12.9866,381.206
746,2054.56,13.0671,381.056
747,2040.48,12.5776,367.495
748,2053.39,-1,371.06
749,2050.38,12.6563,368.719
750,2048.73,12.6123,374.009
751,2070.09,12.4169,371.076
752,2050.56,12.9833,379.001
753,2046.53,13.0658,373.627
754,2038.56,11.6582,345.896
755,2046.63,11.9723,348.175
756,2047.9,12.4171,356.149
757,2044.91,12.1508,348.292
758,2044.67,13.0115,359.927
759,2040.81,12.6846,361.884
760,2031.76,12.1804,358.593
761,2047.99,12.2795,358.321
762,2050.32,11.9743,354.566
763,2043.86,12.2492,362.529
764,2044.18,11.9201,354.469
765,2037.09,12.3926,359.983
766,2038.22,12.7987,370.88
767,2042.79,12.2385,361.362
768,2047.87,12.4802,360.449
769,2035.71,13.2276,378.075
770,2030.22,12.7799,349.49
771,2040.18,14.604,405.706
772,2028.14,14.5595,380.088
773,2043.87,12.8085,328.843
774,2040.16,14.9301,368.2
775,2037.43,15.8633,401.34
776,2039.52,12.0393,373.223
777,2047.92,13.1197,384.122
778,2045.81,12.2639,377.732
779,2049.2,13.3679,383.647
780,2043.45,13.1578,378.027
781,2045.18,14.0599,387.756
782,2058.39,13.3369,361.975
783,2046.38,13.5199,358.404
784,2062.18,12.6501,353.98
785,2026.4,12.7615,367.132
786,2037.53,11.4879,332.45
787,2032.64,13.118,374.022
788,2040.86,12.2465,347.888
789,2036.2,12.1726,338.658
790,2061.95,11.5492,315.499
791,2053.17,13.0412,362.656
792,2056.92,-1,-1
793,2049.31,12.8933,378.096
794,2033.26,-1,337.166
795,2042.64,12.5548,409.112
796,2047.9,11.1255,312.211
797,2054.84,12.6078,354.349
798,2042.55,-1,-1
799,2032.17,12.8777,359.351
800,2052.46,12.4055,347.156
801,2054.54,13.5407,395.162
802,2031.2,13.1295,368.326
803,2042.7,12.7762,367.252
804,2046.11,11.5394,298.595
805,2045.81,13.6861,388.608
806,2045.06,14.0657,371.799
807,2039.02,14.0967,381.431
808,2048.82,12.189,339.55
809,2049.83,12.8165,369.67
810,2053.48,12.1313,343.825
811,2053.28,13.3206,390.934
812,2063.6,12.2914,332.4
813,2037.86,13.7085,395.082
814,2052.81,12.8343,354.539
815,2052.9,13.597,385.882
816,2050.79,12.9025,350.867
817,2037.88,12.7614,363.728
818,2034.92,12.8007,358.033
819,2049,13.4192,388.791
820,2050.35,12.4732,336.364
821,2042.37,13.4654,380.473
822,2035.33,13.2831,358.453
823,2041.73,13.2041,364.229
824,2043.63,12.8437,353.926
825,2037.66,13.0573,375.068
826,2057.76,12.6288,341.78
827,2042.9,12.1916,352.869
828,2049.22,12.396,336.302
829,2043.59,13.463,377.986
830,2039.51,13.0466,353.263
831,2037.1,14.0616,391.845
832,2044.63,12.9693,363.534
833,2027.94,12.9523,367.769
834,2068.65,12.774,358.263
835,2038.57,11.9916,340.758
836,2054.19,12.3708,349.955
837,2044.22,13.4279,380.247
838,2059.3,12.9375,344.238
839,2040.01,13.2968,388.042
840,2053.59,12.8004,364.183
841,2026.21,12.685,369.481
842,2062.04,11.9454,347.725
843,2047.43,12.8541,371.904
844,2044.08,12.8276,350.799
845,2038.9,13.2777,371.172
846,2052.33,12.374,352.899
847,2044.42,13.1224,376.598
848,2037.95,11.7216,347.096
849,2047.75,14.069,399.874
850,2047.98,12.7661,371.352
851,2036.54,13.4686,390.155
852,2045.55,11.5584,337.535
853,2034.97,13.364,366.924
854,2029.03,13.2322,365.871
855,2049.24,13.7455,388.137
856,2040.59,12.2188,382.645
857,2043.5,13.8492,390.318
858,2050.95,12.8718,375.005
859,2039.05,12.7613,366.202
860,2049.42,12.8904,372.071
861,2053.45,14.3907,402.106
862,2037.31,13.2001,372.489
863,2051.82,-1,-1
864,2041.03,12.1261,346.054
865,2040.33,13.2485,380.653
866,2039.67,11.9041,355.619
867,2043.04,12.225,358.418
868,2038.02,12.647,358.514
869,2046.01,11.6562,333.511
870,2045.67,12.5441,348.772
871,2037.65,13.2759,373.505
872,2045.93,12.6787,356.752
873,2046.04,11.2063,327.681
874,2067.76,12.4591,364.289
875,2044.02,12.6702,365.578
876,2028.54,12.3648,346.039
877,2056.58,11.9541,338.56
878,2047.25,12.7248,353.318
879,2063.68,12.8092,365.387
880,2051.96,11.3081,333.314
881,2029.14,11.9424,360.841
882,2048.36,11.4026,337.599
883,2044.16,12.6039,369.901
884,2056.83,13.0207,375.949
885,2048.71,12.6254,353.682
886,2050.08,12.9452,361.884
887,2050.51,12.3216,366.016
888,2043.21,11.8057,340.02
889,2037.31,12.9496,379.028
890,2047.3,12.574,359.518
891,2034.78,12.9212,377.722
892,2035.1,12.074,340.236
893,2050.52,12.4191,364.957
894,2031.08,11.6796,331.852
895,2040.41,12.4274,369.22
896,2040.06,12.3416,346.152
897,2052.74,13.8374,391.591
898,2033.71,12.6638,341.93
899,2030.86,14.1323,373.593
900,2024.15,14.6178,392.19
901,2042.39,14.8977,399.415
902,2037.79,13.2692,330.085
903,2053.66,15.404,362.64
904,2041.77,-1,338.035
905,2055.47,13.1735,374.246
906,2039.27,-1,-1
907,2042.82,13.5607,389.118
908,2035.98,-1,349.533
909,2054.92,13.8825,380.524
910,2042.2,-1,-1
911,2038.96,13.6185,363.637
912,2045.75,12.1847,352.194
913,2037.36,13.4089,385.655
914,2041.78,12.9621,366.731
915,2042.75,13.2158,385.119
916,2040.61,13.8122,365.959
917,2048.5,13.2691,367.959
918,2053.66,13.1586,355.055
919,2038.27,13.3922,375.313
920,2052.62,12.8106,365.987
921,2039.72,12.0171,358.619
922,2052.94,13.1421,365.116
923,2031.76,11.9964,352.315
924,2070.07,12.8191,339.449
925,2042.22,12.3335,355.405
926,2061.39,13.969,370.577
927,2033.81,12.941,367.48
928,2053.02,13.4401,367.406
929,2033.81,13.3057,381.453
930,2047.3,13.0217,359.964
931,2043.59,12.5538,376.659
932,2042.14,14.2724,382.011
933,2050.24,13.9171,382.624
934,2041.19,14.1597,375.4
935,2045.64,13.8901,347.587
936,2047.35,13.7533,413.358
937,2047.21,12.5712,363.217
938,2050.5,12.6257,387.77
939,2036.65,11.8222,344.764
940,2036.46,12.9213,352.171
941,2016.41,13.7985,388.154
942,2043.17,13.3924,364.94
943,2039.44,13.2095,369.702
944,2053.07,12.8138,370.157
945,2047.66,13.6479,403.672
946,2050.3,13.7273,394.86
947,2042.04,13.7892,398.431
948,2031.37,13.4047,364.999
949,2055.82,13.9353,391.795
950,2045.74,14.0299,382.512
951,2049.83,14.7791,405.853
952,2062.71,10.3952,306.027
953,2054.89,12.9586,380.071
954,2043.8,-1,-1
955,2044.26,13.5156,395.837
956,2052.62,12.6927,348.983
957,2035.25,14.4422,410.473
958,2029.29,13.0281,367.155
959,2047.87,14.2924,398.542
960,2059.16,11.8372,344.157
961,2037.54,14.0995,409.465
962,2046.92,11.6228,335.858
963,2044.37,12.9249,382.952
964,2036.67,13.3151,366.342
965,2036.15,13.3861,388.094
966,2050.6,12.2592,344.329
967,2047.02,14.5894,422.097
968,2023.58,11.6146,336.02
969,2047.81,11.3954,335.582
970,2041.95,12.1871,351.84
971,2041.66,13.6909,406.942
972,2032.58,10.9864,307.761
973,2064.69,13.4149,388.696
974,2062.04,11.9315,328.765
975,2037.2,13.7919,397.225
976,2047.42,12.8686,373.655
977,2046.13,12.4885,361.503
978,2026.79,-1,326.896
979,2036.14,11.9185,350.492
980,2036.29,13.7419,380.766
981,2048.76,12.2375,351.695
982,2054.92,14.33,392.905
983,2044.49,11.9679,343.722
984,2045.93,13.3274,372.367
985,2037.75,12.2342,363.686
986,2043.27,12.7157,370.476
987,2045.53,12.4369,357.258
988,2056.1,13.6948,382.442
989,2043.76,12.4959,359.437
990,2041.07,13.3016,372.952
991,2038.57,13.3576,382.159
992,2051.16,11.9426,343.701
993,2032.19,11.523,326.128
994,2036.4,12.362,348.124
995,2046.34,11.5529,325.774
996,2045.18,12.1076,340.927
997,2035.51,12.058,345.804
998,2041.01,11.8086,326.09
999,2055.23,11.8263,337.273
1000,2059.95,12.2022,340.513
1001,2032.61,12.8911,370.222
1002,2054.4,12.022,342.538
1003,2049.43,11.3448,317.607
1004,2061.24,12.2177,342.861
1005,2036.03,12.7167,357.077
1006,2045.17,11.9245,341.086
1007,2051.38,12.6885,350.226
1008,2055.79,12.3438,352.522
1009,2045.63,13.7314,390.469
1010,2043.6,12.3166,355.172
1011,2046.84,13.6189,393.445
1012,2039.92,12.8814,362.811
1013,2036.25,14.0599,393.768
1014,2056.45,11.9778,332.345
1015,2046.3,12.7825,348.989
1016,2044.74,12.7249,354.086
1017,2057.94,12.9585,379.344
1018,2045.65,13.8397,391.785
1019,2050.83,13.6283,398.142
1020,2034.13,12.8514,357.879
1021,2046.06,14.0862,403.194
1022,2043.29,13.0735,368.79
1023,2048.32,14.9571,408.636
1024,0,-1,-1
1025,2046.72,11.7824,318.836
1026,0,-1,-1
1027,2042.59,13.2634,334.602
1028,0,-1,-1
1029,2050.14,12.4214,316.82
1030,0,-1,-1
1031,2044.08,13.0455,318.529
1032,0,-1,-1
1033,2050.51,11.8672,307.889
1034,0,-1,-1
1035,2051.86,12.6618,342.996
1036,0,-1,-1
1037,2033.92,13.0858,328.477
1038,0,-1,-1
1039,2050.22,12.5758,308.152
1040,0,-1,-1
1041,2032.9,12.8418,357.529
1042,0,-1,-1
1043,2045.46,14.0807,370.955
1044,0,-1,-1
1045,2048.08,13.5684,340.846
1046,0,-1,-1
1047,2039.64,13.0163,311.421
1048,0,-1,-1
1049,2015.4,13.9873,378.886
1050,0,-1,-1
1051,2051.44,13.4681,370.284
1052,0,-1,-1
1053,2035.3,12.5697,351.746
1054,0,-1,-1
1055,2037.57,13.1478,346.359
1056,0,-1,-1
1057,2032.6,13.4571,368.882
1058,0,-1,-1
1059,2035.71,13.2888,369.058
1060,0,-1,-1
1061,2044.08,13.6478,367.827
1062,0,-1,-1
1063,2032.66,14.5261,369.856
1064,0,-1,-1
1065,2026.74,-1,-1
1066,0,-1,-1
1067,2043.79,-1,-1
1068,0,-1,-1
1069,2035.75,-1,-1
1070,0,-1,-1
1071,2042.73,-1,-1
1072,0,-1,-1
1073,2042.13,14.3407,385.526
1074,0,-1,-1
1075,2035.44,13.8045,365.12
1076,0,-1,-1
1077,2041.49,13.5303,353.3
1078,0,-1,-1
1079,2035.99,14.2226,341.877
1080,0,-1,-1
1081,2033.47,10.6334,307.052
1082,0,-1,-1
1083,2048.36,11.3404,348.403
1084,0,-1,-1
1085,2033.2,13.4663,383.798
1086,0,-1,-1
1087,2045.18,12.6823,339.042
1088,0,-1,-1
1089,2020.03,13.5649,351.425
1090,0,-1,-1
1091,2038.12,13.8169,360.024
1092,0,-1,-1
1093,2049.12,13.5022,355.138
1094,0,-1,-1
1095,2036.47,12.3448,306.179
1096,0,-1,-1
1097,2034.12,14.3109,375.623
1098,0,-1,-1
1099,2048.72,13.4136,360.722
1100,0,-1,-1
1101,2049.2,13.2785,358.92
1102,0,-1,-1
1103,2061.5,15.0429,390.676
1104,0,-1,-1
1105,2048.34,-1,364.287
1106,0,-1,-1
1107,2050.35,-1,-1
1108,0,-1,-1
1109,2025.7,12.9995,378.885
1110,0,-1,-1
1111,2025.81,-1,348.578
1112,0,-1,-1
1113,2036.75,-1,309.538
1114,0,-1,-1
1115,2032.82,-1,371.543
1116,0,-1,-1
1117,2042.34,-1,327.375
1118,0,-1,-1
1119,2036.06,-1,-1
1120,0,-1,-1
1121,2035.43,12.7814,348.1
1122,0,-1,-1
1123,2051.92,12.082,339.442
1124,0,-1,-1
1125,2024.86,14.4408,380.407
1126,0,-1,-1
1127,2061.35,12.2499,337.484
1128,0,-1,-1
1129,2046.75,13.4665,363.793
1130,0,-1,-1
1131,2037.32,13.7504,365.532
1132,0,-1,-1
1133,2036.37,13.8502,358.346
1134,0,-1,-1
1135,2044,14.2186,374.518
1136,0,-1,-1
1137,2041.19,13.6664,385.311
1138,0,-1,-1
1139,2042.67,11.5878,356.492
1140,0,-1,-1
1141,2044.49,12.4956,329.167
1142,0,-1,-1
1143,2034.85,13.3209,357.805
1144,0,-1,-1
1145,2044.96,12.908,348.013
1146,0,-1,-1
1147,2038.58,13.5067,388.683
1148,0,-1,-1
1149,2032.89,13.7171,370.021
1150,0,-1,-1
1151,2039.43,13.5812,370.532
1152,0,-1,-1
1153,2024.88,11.5146,323.908
1154,0,-1,-1
1155,2045.13,12.0796,307.383
1156,0,-1,-1
1157,2039.58,13.9099,338.514
1158,0,-1,-1
1159,2048.14,14.1156,341.383
1160,0,-1,-1
1161,2051.05,-1,-1
1162,0,-1,-1
1163,2048.97,11.6488,322.101
1164,0,-1,-1
1165,2060.7,12.2945,309.675
1166,0,-1,-1
1167,2034.43,12.8566,319.163
1168,0,-1,-1
1169,2030.71,12.8286,351.402
1170,0,-1,-1
1171,2038.37,11.8775,345.574
1172,0,-1,-1
1173,2033.38,12.4823,328.732
1174,0,-1,-1
1175,2039.77,13.9514,368.637
1176,0,-1,-1
1177,2043.36,11.4965,325.034
1178,0,-1,-1
1179,2036.82,13.125,354.972
1180,0,-1,-1
1181,2036.79,13.3902,352.71
1182,0,-1,-1
1183,2033.14,13.1607,342.638
1184,0,-1,-1
1185,2051.13,12.8111,348.249
1186,0,-1,-1
1187,2048.62,13.4476,364.422
1188,0,-1,-1
1189,2036.02,13.3995,343.988
1190,0,-1,-1
1191,2058.16,14.5994,366.5
1192,0,-1,-1
1193,2050.7,12.3896,352.019
1194,0,-1,-1
1195,2044.8,11.7428,326.386
1196,0,-1,-1
1197,2042.37,14.5686,364.303
1198,0,-1,-1
1199,2041.16,14.8199,371.083
1200,0,-1,-1
1201,2036.25,13.6562,364.661
1202,0,-1,-1
1203,2046.31,12.2324,339.353
1204,0,-1,-1
1205,2040.97,12.2614,333.607
1206,0,-1,-1
1207,2037.32,13.3774,339.937
1208,0,-1,-1
1209,2047.53,13.4956,358.588
1210,0,-1,-1
1211,2054.38,11.8794,330.816
1212,0,-1,-1
1213,2038.64,13.304,352.748
1214,0,-1,-1
1215,2029.86,12.7277,359.165
1216,0,-1,-1
1217,2052.2,12.8796,343.857
1218,0,-1,-1
1219,2036.73,12.1075,329.212
1220,0,-1,-1
1221,2054.5,14.0241,366.473
1222,0,-1,-1
1223,2050.12,12.1842,309.428
1224,0,-1,-1
1225,2042.42,13.3984,358.19
1226,0,-1,-1
1227,2030.17,12.8786,353.461
1228,0,-1,-1
1229,2026.98,13.6295,366.984
1230,0,-1,-1
1231,2047.44,13.1501,346.5
1232,0,-1,-1
1233,2028.55,11.753,327.015
1234,0,-1,-1
1235,2037.48,10.1761,298.807
1236,0,-1,-1
1237,2041.38,11.3523,333.791
1238,0,-1,-1
1239,2035.48,12.7857,341.347
1240,0,-1,-1
1241,2031.38,-1,520.332
1242,0,-1,-1
1243,2031.08,11.7804,341.064
1244,0,-1,-1
1245,2065,12.7122,340.119
1246,0,-1,-1
1247,2040.96,12.0002,325.102
1248,0,-1,-1
1249,2039.48,12.3724,347.863
1250,0,-1,-1
1251,2055.74,12.502,358.12
1252,0,-1,-1
1253,2055.66,12.7505,344.77
1254,0,-1,-1
1255,2037.95,13.5323,363.614
1256,0,-1,-1
1257,2054.69,13.1775,355.393
1258,0,-1,-1
1259,2028.28,12.762,339.389
1260,0,-1,-1
1261,2050.04,13.719,362.335
1262,0,-1,-1
1263,2051.64,14.2171,359.623
1264,0,-1,-1
1265,2053.9,11.7789,328.59
1266,0,-1,-1
1267,2043.12,11.3848,310.934
1268,0,-1,-1
1269,2052.21,13.5126,357.667
1270,0,-1,-1
1271,2052.38,13.5791,366.339
1272,0,-1,-1
1273,2036.79,12.9869,350.315
1274,0,-1,-1
1275,2058.12,13.2416,349.75
1276,0,-1,-1
1277,2038.17,13.4676,343.627
1278,0,-1,-1
1279,2032.89,14.5031,376.068
1280,0,-1,-1
1281,2030.25,11.7755,328.588
1282,0,-1,-1
1283,2039.5,12.4849,351.245
1284,0,-1,-1
1285,2051.79,13.6468,370.061
1286,0,-1,-1
1287,2048.17,12.363,336.235
1288,0,-1,-1
1289,2048.88,12.7444,352.191
1290,0,-1,-1
1291,2046.36,12.821,353.066
1292,0,-1,-1
1293,2036.92,12.4272,343.973
1294,0,-1,-1
1295,2048.92,12.7446,340.074
1296,0,-1,-1
1297,2066.2,13.3946,365.844
1298,0,-1,-1
1299,2046.01,13.696,369.713
1300,0,-1,-1
1301,2038.83,14.1263,384.589
1302,0,-1,-1
1303,2045.62,13.4278,360.705
1304,0,-1,-1
1305,2046.2,13.5311,361.236
1306,0,-1,-1
1307,2046,13.1571,359.363
1308,0,-1,-1
1309,2026.35,13.8304,370.827
1310,0,-1,-1
1311,2035.91,14.9522,389.925
1312,0,-1,-1
1313,2036.31,12.3544,331.866
1314,0,-1,-1
1315,2065.19,12.856,345.49
1316,0,-1,-1
1317,2055.08,12.0412,324.245
1318,0,-1,-1
1319,2062.12,12.5559,333.669
1320,0,-1,-1
1321,2063.4,11.562,316.515
1322,0,-1,-1
1323,2043.87,11.9214,321.758
1324,0,-1,-1
1325,2045.23,12.5445,336.97
1326,0,-1,-1
1327,2045.3,14.2602,383.463
1328,0,-1,-1
1329,2048.37,13.6869,374.566
1330,0,-1,-1
1331,2037.76,13.8917,382.627
1332,0,-1,-1
1333,2043.49,12.1634,320.167
1334,0,-1,-1
1335,2050.95,14.629,393.259
1336,0,-1,-1
1337,2046.09,15.2412,385.482
1338,0,-1,-1
1339,2065.62,12.6909,337.399
1340,0,-1,-1
1341,2040.81,14.8575,371.774
1342,0,-1,-1
1343,2045.69,15.6095,409.561
1344,0,-1,-1
1345,2030.08,12.3755,342.865
1346,0,-1,-1
1347,2044.25,12.461,346.13
1348,0,-1,-1
1349,2042.64,14.2199,379.324
1350,0,-1,-1
1351,2046.57,13.4751,364.806
1352,0,-1,-1
1353,2044.97,12.4938,330.494
1354,0,-1,-1
1355,2049.96,12.2831,329.902
1356,0,-1,-1
1357,2056.19,11.3719,324.806
1358,0,-1,-1
1359,2042.83,12.2543,357.591
1360,0,-1,-1
1361,2038.2,14.1435,361.05
1362,0,-1,-1
1363,2038.77,13.7869,364.42
1364,0,-1,-1
1365,2043.33,13.048,366.65
1366,0,-1,-1
1367,2038.44,12.2486,357.253
1368,0,-1,-1
1369,2046.2,12.5603,331.765
1370,0,-1,-1
1371,2042.09,12.5458,339.078
1372,0,-1,-1
1373,2047.11,12.3146,342.475
1374,0,-1,-1
1375,2051.79,12.9806,364.484
1376,0,-1,-1
1377,2041.78,10.9431,307.36
1378,0,-1,-1
1379,2055.07,10.7006,296.115
1380,0,-1,-1
1381,2050.24,10.6073,328.665
1382,0,-1,-1
1383,2037.64,-1,-1
1384,0,-1,-1
1385,2053.95,12.7313,346.563
1386,0,-1,-1
1387,2048.58,13.7735,364.753
1388,0,-1,-1
1389,2053.61,12.9144,360.517
1390,0,-1,-1
1391,2039.98,13.0771,371.683
1392,0,-1,-1
1393,2043.78,12.3118,314.773
1394,0,-1,-1
1395,2048.71,12.721,327.286
1396,0,-1,-1
1397,2060.09,13.1352,360.358
1398,0,-1,-1
1399,2046.67,12.9232,359.836
1400,0,-1,-1
1401,2060.71,13.0629,353.025
1402,0,-1,-1
1403,2051.26,14.1152,380.995
1404,0,-1,-1
1405,2046.58,12.3268,351.374
1406,0,-1,-1
1407,2042.46,12.9088,389.536
1408,0,-1,-1
1409,2043.71,12.5706,316.889
1410,0,-1,-1
1411,2045.85,13.487,344.983
1412,0,-1,-1
1413,2040.7,11.9824,328.61
1414,0,-1,-1
1415,2058.65,12.6151,351.429
1416,0,-1,-1
1417,2046.08,12.9467,333.874
1418,0,-1,-1
1419,2056.67,13.3987,338.496
1420,0,-1,-1
1421,2039.32,13.3022,361.594
1422,0,-1,-1
1423,2031.03,12.8582,347.547
1424,0,-1,-1
1425,2039.67,11.899,304.774
1426,0,-1,-1
1427,2035.45,13.4508,348.865
1428,0,-1,-1
1429,2051.23,12.7056,352.512
1430,0,-1,-1
1431,2054.77,12.0848,331.797
1432,0,-1,-1
1433,2024.08,13.8787,343.377
1434,0,-1,-1
1435,2052.17,12.8405,331.423
1436,0,-1,-1
1437,2056.6,13.0547,354.165
1438,0,-1,-1
1439,2045.48,13.2864,368.059
1440,0,-1,-1
1441,2045.37,15.0989,375.127
1442,0,-1,-1
1443,2030.59,14.6099,374.029
1444,0,-1,-1
1445,2038.96,13.1811,366.749
1446,0,-1,-1
1447,2052.7,12.7683,388.207
1448,0,-1,-1
1449,2045.3,14.6187,363.59
1450,0,-1,-1
1451,2044.62,14.123,366.165
1452,0,-1,-1
1453,2040.71,13.8799,369.72
1454,0,-1,-1
1455,2052.98,13.836,374.23
1456,0,-1,-1
1457,2058.46,15.6424,367.778
1458,0,-1,-1
1459,2047.94,15.6668,379.68
1460,0,-1,-1
1461,2039.39,14.3846,373.109
1462,0,-1,-1
1463,2040.23,14.3549,389.009
1464,0,-1,-1
1465,2042.48,16.5056,367.726
1466,0,-1,-1
1467,2058.1,15.371,377.346
1468,0,-1,-1
1469,2044.23,15.7114,388.312
1470,0,-1,-1
1471,2044.93,14.5963,379.287
1472,0,-1,-1
1473,2045.07,12.9194,347.227
1474,0,-1,-1
1475,2059.38,12.0588,338.734
1476,0,-1,-1
1477,2060.29,13.7255,358.223
1478,0,-1,-1
1479,2033.6,12.7839,334.868
1480,0,-1,-1
1481,2047.71,13.3391,335.533
1482,0,-1,-1
1483,2049.88,14.3387,368.653
1484,0,-1,-1
1485,2057.47,14.4573,372.47
1486,0,-1,-1
1487,2035.54,12.873,334.586
1488,0,-1,-1
1489,2055.94,13.4344,347.312
1490,0,-1,-1
1491,2043.69,15.1532,392.803
1492,0,-1,-1
1493,2046.18,13.8111,385.022
1494,0,-1,-1
1495,2046.39,13.1634,355.681
1496,0,-1,-1
1497,2053.49,15.3762,389.622
1498,0,-1,-1
1499,2049.22,13.6101,350.336
1500,0,-1,-1
1501,2016.29,13.4592,355.615
1502,0,-1,-1
1503,2047.49,13.0525,346.133
1504,0,-1,-1
1505,2050.24,13.8383,355.921
1506,0,-1,-1
1507,2058.99,13.7548,361.875
1508,0,-1,-1
1509,2044.15,13.7057,358.908
1510,0,-1,-1
1511,2043.56,12.6559,335.365
1512,0,-1,-1
1513,2030.98,13.9356,354.072
1514,0,-1,-1
1515,2045.16,13.9131,365.914
1516,0,-1,-1
1517,2034.94,13.0848,354.721
1518,0,-1,-1
1519,2037.17,12.6669,347.882
1520,0,-1,-1
1521,2049.07,13.4629,347.977
1522,0,-1,-1
1523,2047.01,12.8364,338.881
1524,0,-1,-1
1525,2056.57,14.0557,366.11
1526,0,-1,-1
1527,2048.06,13.1402,355.571
1528,0,-1,-1
1529,2048.52,14.1921,377.731
1530,0,-1,-1
1531,2040.74,-1,381.493
1532,0,-1,-1
1533,2033.05,13.8939,434.592
1534,0,-1,-1
1535,2030.41,13.0375,415.655
1536,2037.55,12.3895,345.612
1537,2053.27,12.1198,397.699
1538,2058.85,13.0863,353.389
1539,2038.7,-1,372.915
1540,2039.98,14.7873,419.957
1541,2050.15,11.9979,354.453
1542,2033.29,14.5282,357.867
1543,2036.55,15.2729,391.705
1544,2047.17,12.0709,347.369
1545,2051.46,12.714,426.541
1546,2058.04,10.8757,344.456
1547,2043.95,-1,385.693
1548,2048.22,13.2036,355.979
1549,2042.94,13.4336,387.763
1550,2044.91,13.2102,367.639
1551,2041.04,13.1294,380.025
1552,2056.05,12.7414,366.513
1553,2025.33,-1,409.683
1554,2061.13,12.752,373.774
1555,2033.92,-1,403.796
1556,2044.59,13.8927,387.659
1557,2038.9,12.6007,393.168
1558,2052.06,15.2031,407.897
1559,2045.38,14.0219,404.59
1560,2033.25,13.461,392.528
1561,2064.76,10.6573,342.567
1562,2048.36,12.6907,370.463
1563,2047.32,12.9367,372.105
1564,2035.23,13.4964,360.191
1565,2040.51,13.4106,364.755
1566,2056.35,14.1073,386.628
1567,2056.08,12.412,346.586
1568,2050.55,12.0252,349.277
1569,2034.74,14.2074,399.19
1570,2041.88,12.777,374.008
1571,2057.77,13.4109,388.554
1572,2053.78,13.0094,366.721
1573,2052.7,12.7722,336.285
1574,2041.8,14.9008,420.001
1575,2053.14,15.9802,423.715
1576,2037.04,11.7474,350.935
1577,2035.49,13.1002,370.26
1578,2058.04,13.4379,382.771
1579,2047.87,12.7326,366.327
1580,2046.72,12.4519,341.148
1581,2047.98,13.3226,375.381
1582,2052.58,12.9569,372.045
1583,2060.19,13.962,399.758
1584,2032.43,13.8735,412.057
1585,2034.19,12.8426,371.619
1586,2033.2,12.7094,377.652
1587,2050.3,12.4821,355.235
1588,2045.74,12.6183,345.837
1589,2047.75,12.82,361.6
1590,2028.45,13.7206,392.62
1591,2046.15,13.2832,366.988
1592,2048.73,12.9872,373.77
1593,2047.96,13.7529,375.759
1594,2053.09,12.6354,379.938
1595,2041.48,12.8462,363.975
1596,2046.01,13.956,384.05
1597,2067.22,13.6512,360.928
1598,2058.76,13.8254,393.982
1599,2054.25,12.443,360.55
1600,2049.64,13.1092,385.092
1601,2033.86,11.8507,344.411
1602,2041.63,12.1299,361.843
1603,2063.88,12.8781,366.114
1604,2051.48,12.5114,347.469
1605,2043.17,12.803,355.659
1606,2041.62,13.6843,364.135
1607,2074.1,14.1103,399.427
1608,2050.68,12.4442,367.049
1609,2021.91,13.1521,372.871
1610,2056.72,13.0962,384.354
1611,2042.88,12.7104,370.98
1612,2046.38,13.3565,391.912
1613,2058.24,13.0982,362.097
1614,2034.39,12.8966,373.217
1615,2044.07,12.8677,359.745
1616,2055.81,12.7262,375.833
1617,2039.9,12.7538,363.157
1618,2037.03,11.3276,337.676
1619,2035.55,11.9637,351.061
1620,2038.8,12.7274,380.929
1621,2052.55,13.0075,378.604
1622,2050.14,14.5028,388.113
1623,2029.29,12.8289,372.303
1624,2053.78,12.9896,385.973
1625,2047.48,12.4765,366.458
1626,2043.56,13.4266,385.334
1627,2041.84,11.936,343.415
1628,2057.33,12.2126,358.447
1629,2058.09,13.4076,373.688
1630,2039.63,12.3655,366.003
1631,2035.14,13.8064,393.065
1632,2042.39,12.4654,359.772
1633,2058.37,13.6938,379.087
1634,2045.89,12.8095,367.02
1635,2046.64,14.659,399.521
1636,2060,12.3612,357.45
1637,2050.83,14.6657,387.059
1638,2042.75,13.6096,373.741
1639,2037.29,14.4715,405.512
1640,2047.74,13.1347,374.921
1641,2066.63,14.1217,409.397
1642,2042.48,12.9889,383.853
1643,2045.11,13.8232,382.047
1644,2053.51,12.0854,356.148
1645,2049.33,14.9999,396.055
1646,2057.89,13.4291,376.328
1647,2056.34,14.9776,409.878
1648,2043.83,13.2751,375.683
1649,2042.38,14.3597,411.324
1650,2058.84,11.5648,346.148
1651,2031.39,12.2365,351.713
1652,2026.93,13.6107,368.53
1653,2043.31,13.6155,375.24
1654,2043.21,11.931,349.978
1655,2054.07,12.8042,349.806
1656,2050.46,11.0249,313.579
1657,2052.28,12.3267,361.673
1658,2047.36,12.659,359.594
1659,2069.61,12.1413,359.209
1660,2053.97,12.6866,363.813
1661,2056.46,13.3093,382.301
1662,2047.31,13.275,377.831
1663,2037.6,11.7662,329.869
1664,2060.37,11.3801,325.027
1665,2058.96,13.0418,363.508
1666,2043.52,12.9873,360.859
1667,2047.04,13.9886,376.494
1668,2037.64,13.3264,367.224
1669,2044.52,14.3577,361.799
1670,2054.48,14.7096,360.271
1671,2050.86,15.3473,369.45
1672,2041.38,10.7566,310.871
1673,2057.5,15.0097,410.687
1674,2050.99,12.0069,342.838
1675,2051.63,13.6041,389.963
1676,2051.68,13.4579,376.113
1677,2041.08,13.8148,370.214
1678,2051.19,12.5434,326.525
1679,2047.84,14.2094,373.749
1680,2045.29,14.2159,405.015
1681,2040.44,13.2827,372.678
1682,2044.38,14.2816,404.926
1683,2042.17,13.0876,363.968
1684,2054.58,13.2873,368.106
1685,2051.83,14.1312,357.924
1686,2071.09,13.9166,385.171
1687,2046.86,14.9132,404.238
1688,2043.58,12.3174,357.731
1689,2038.18,12.7781,358.718
1690,2039.85,12.933,367.822
1691,2029.07,12.356,362.978
1692,2049.05,13.2411,369.573
1693,2042.91,15.4919,423.45
1694,2061.72,13.6502,374.719
1695,2045.73,13.742,376.426
1696,2044.84,13.377,382.718
1697,2043.16,13.0272,376.521
1698,2030.97,13.672,383.237
1699,2046.83,13.9303,407.294
1700,2043.48,14.0391,368.356
1701,2055.53,14.1778,350.589
1702,2048.9,14.9928,379.642
1703,2040.44,14.2733,391.788
1704,2035.99,12.6544,364.651
1705,2058.38,13.043,383.976
1706,2061.65,12.7335,364.379
1707,2049.18,12.8851,370.562
1708,2050.15,13.7461,382.945
1709,2057.87,13.1691,362.583
1710,2043.76,13.4636,386.308
1711,2060.09,13.2151,373.072
1712,2038.45,13.282,396.44
1713,2038.43,13.4128,380.871
1714,2047.97,12.9811,386.422
1715,2028.77,12.2919,346.035
1716,2060.76,14.224,396.464
1717,2033.25,13.4404,368.555
1718,2044.03,13.5542,369.203
1719,2047.1,15.5877,402.279
1720,2064.07,12.9885,367.032
1721,2039,15.2427,405.697
1722,2037.62,13.1461,375.264
1723,2034.66,14.1748,384.855
1724,2054.05,13.3865,345.333
1725,2051.42,14.6545,383.102
1726,2068.94,13.1723,339.541
1727,2052.01,15.7774,416.578
1728,2043.83,12.4143,357.153
1729,2042.91,13.0044,367.094
1730,2048.1,12.9497,368.375
1731,2045.26,11.9762,348.936
1732,2059.56,13.9425,378.693
1733,2042.19,12.3378,340.492
1734,2052.8,12.9506,354.044
1735,2046.67,13.0584,361.214
1736,2046.94,13.242,376.584
1737,2054.92,12.8471,369.723
1738,2050.97,12.6761,363.883
1739,2040.87,13.1119,364.346
1740,2037.54,14.4843,410.142
1741,2059.09,13.4679,378.309
1742,2043.73,12.4101,334.91
1743,2043.76,13.6546,367.292
1744,2060.22,12.549,367.883
1745,2047.09,12.3039,349.695
1746,2045.93,11.7161,369.32
1747,2047.98,13.0859,380.598
1748,2037.47,13.8473,388.163
1749,2063.22,12.9693,373.396
1750,2039.82,13.3947,378.579
1751,2061.86,15.0809,397.012
1752,2040.56,12.9072,448.71
1753,2046.47,13.3014,372.209
1754,2035.82,14.1796,458.709
1755,2054.06,13.2853,376.544
1756,2034.68,14.4768,415.791
1757,2055.32,13.7237,381.32
1758,2056.12,14.2444,398.566
1759,2048.9,13.4232,373.093
1760,2062.67,14.2257,397.942
1761,2041.3,12.0104,350.864
1762,2053.74,13.7006,383.822
1763,2044.84,11.4714,337.573
1764,2045.91,13.559,386.851
1765,2043.48,13.3175,368.983
1766,2040.7,13.4035,371.72
1767,2061.22,13.9277,377.797
1768,2045.75,13.9499,394.607
1769,2062.29,12.8048,367.367
1770,2052.43,14.2283,401.006
1771,2059.21,12.4834,359.233
1772,2041.2,13.61,375.341
1773,2063.12,12.8514,363.642
1774,2056.64,13.8184,395.928
1775,2033.28,12.8809,361.73
1776,2045.82,12.8333,366.872
1777,2055.51,12.9421,367.647
1778,2044.76,11.5526,338.24
1779,2053.24,11.8377,343.445
1780,2037.75,13.1321,383.054
1781,2032.17,12.748,364.375
1782,2037.01,13.5291,386.274
1783,2041.94,13.8123,380.943
1784,2055.14,11.8008,364.194
1785,2055.72,13.7436,391.694
1786,2058.22,12.0858,362.946
1787,2035.88,12.6803,356.745
1788,2040.11,13.2976,387.651
1789,2041.77,13.7608,376.113
1790,2045.15,13.1098,378.949
1791,2067.43,13.4813,367.037
1792,2050.05,13.0883,385.263
1793,2049.21,14.1335,399.605
1794,2049.72,14.3891,392.814
1795,2052.58,13.8472,390.273
1796,2030.68,14.7599,404.855
1797,2069.76,15.6532,431.784
1798,2048.06,15.9005,400.529
1799,2042.16,16.0848,382.248
1800,2045.1,12.8957,377.835
1801,2054.78,13.28,377.855
1802,2060.98,12.8795,366.257
1803,2043.03,13.6876,388.873
1804,2061.46,14.6466,380.861
1805,2055.48,13.979,376.492
1806,2046.18,14.4001,395.253
1807,2050.74,13.7012,371.067
1808,2054.73,13.6852,393.517
1809,2043.99,13.4806,391.671
1810,2039.38,11.7618,346.869
1811,2047.68,11.1866,323.094
1812,2043.79,13.5017,355.897
1813,2038.52,13.0597,359.538
1814,2042.4,15.1171,389.61
1815,2060.2,14.5141,386.147
1816,2045.22,12.9306,367.675
1817,2055.27,12.6457,375.672
1818,2051.72,13.2649,381.149
1819,2054.58,13.4392,382.752
1820,2047.01,12.8477,347.453
1821,2072.51,13.8797,372.117
1822,2053.57,13.4091,370.841
1823,2037.05,13.9964,386.475
1824,2037.47,12.2086,413.486
1825,2048.69,13.751,390.311
1826,2044.15,12.9559,428.755
1827,2054.76,12.8169,370.115
1828,2034.39,14.4451,431.997
1829,2057.09,13.4052,374.097
1830,2049.37,14.0777,400.627
1831,2048.81,12.8909,350.377
1832,2039.72,10.6428,355.213
1833,2053.06,13.6019,390.643
1834,2053.17,11.5236,379.179
1835,2040.63,14.0038,398.027
1836,2042.64,12.229,354.27
1837,2045.55,13.3319,377.982
1838,2044.71,13.7772,361.849
1839,2050.44,13.8041,384.603
1840,2053.38,13.0122,373.599
1841,2049.25,12.3562,368.438
1842,2051.43,12.9541,380.278
1843,2036.13,12.1788,362.358
1844,2037.84,13.1439,360.777
1845,2049.85,13.9245,390.119
1846,2032.13,14.3059,391.482
1847,2050.08,13.5215,379.014
1848,2059.32,13.0046,367.91
1849,2047.18,12.4363,371.5
1850,2061.13,11.9094,351.046
1851,2034.05,12.0896,350.504
1852,2046.44,14.0461,391.923
1853,2055.16,12.2867,343.478
1854,2053.77,13.7819,374.531
1855,2037.91,13.2356,347.55
1856,2055.01,13.1241,385.727
1857,2034.71,12.8611,383.017
1858,2048.49,13.4911,391.301
1859,2043.49,10.8873,329.072
1860,2063.67,13.2958,370.219
1861,2053.39,13.4802,382.957
1862,2059.58,12.9717,372.482
1863,2052.44,13.4461,380.27
1864,2042.09,13.7571,425.453
1865,2051.52,11.8039,390.335
1866,2042.96,11.8262,383.701
1867,2035.32,13.0304,386.952
1868,2060.02,12.7442,361.625
1869,2038.18,12.7566,372.895
1870,2041.51,12.9289,373.776
1871,2057,12.9712,383.865
1872,2029.34,11.9419,354.843
1873,2059.46,14.331,481.031
1874,2057.41,11.8281,353.941
1875,2034.69,13.9111,454.672
1876,2054.36,12.6618,354.313
1877,2056.8,14.3749,426.445
1878,2049.71,12.6517,367.386
1879,2053.46,13.1047,392.6
1880,2054.4,13.1673,461.905
1881,2052.72,13.3995,395.16
1882,2045.25,12.7223,435.52
1883,2048.86,13.245,410.969
1884,2037.93,13.1699,442.346
1885,2050.24,13.3306,387.108
1886,2062.68,13.7632,421.627
1887,2047.18,13.8597,409.747
1888,2044.21,12.6359,377.582
1889,2033.25,13.3036,388.196
1890,2057.17,12.912,385.05
1891,2031.65,12.8365,371.746
1892,2037.02,13.433,380.177
1893,2032.35,12.7914,367.309
1894,2039.06,13.9386,391.477
1895,2051.31,13.4996,376.362
1896,2042.73,13.648,430.016
1897,2055.32,12.9321,383.707
1898,2061.65,14.5504,457.203
1899,2054.13,12.9803,383.69
1900,2053.86,11.8703,365.734
1901,2060.57,13.5921,386.234
1902,2048.38,14.6396,417.338
1903,2050.95,13.2531,377.979
1904,2038.79,13.467,380.952
1905,2045.44,13.6412,389.48
1906,2052.51,13.3186,372.037
1907,2037.24,12.736,366.223
1908,2030.46,13.8886,374.506
1909,2047.85,12.2017,344.436
1910,2048.09,13.6542,372.086
1911,2036.87,12.6941,370.39
1912,2032,13.8706,388.571
1913,2038.59,11.9123,351.361
1914,2028.06,13.0689,375.41
1915,2053.15,11.8583,352.048
1916,2040.04,14.2107,379.407
1917,2054.1,13.2728,384.585
1918,2047.63,15.1855,416.082
1919,2053.01,12.6605,369.171
1920,2035.43,13.8433,399.235
1921,2044.28,13.2898,388.451
1922,2041.38,14.0366,377.032
1923,2035.29,14.1868,396.34
1924,2056.63,13.5126,355.937
1925,2058.19,15.0914,404.075
1926,2042.43,16.3915,398.333
1927,2051.15,17.7567,412.831
1928,2029.06,12.9649,409.668
1929,2050.39,14.4254,409.399
1930,2076.07,13.4921,397.255
1931,2050.54,13.3881,392.746
1932,2045.43,14.99,413.899
1933,2048.35,16.377,421.693
1934,2053.33,15.2825,428.314
1935,2048.62,15.8012,449.31
1936,2048.03,12.1639,396.4
1937,2050.53,13.062,384.147
1938,2043.51,12.8088,384.725
1939,2047.93,13.3941,408.814
1940,2051.76,13.5199,374.339
1941,2040.95,15.9508,426.095
1942,2039.11,15.1209,425.919
1943,2060.14,14.5702,400.581
1944,2040.31,11.1021,355.794
1945,2046.7,13.0434,396.528
1946,2029.02,11.3548,368.913
1947,2060.62,13.8869,402.916
1948,2037.5,12.1289,353.522
1949,2055.52,15.3938,421.561
1950,2040.02,13.2247,378.002
1951,2065.66,13.4166,384.752
1952,2047.79,11.1211,375.102
1953,2040.97,13.0118,372.971
1954,2048.14,11.6755,361.285
1955,2045.13,13.5152,386.357
1956,2043.3,13.3217,378.746
1957,2053.03,14.765,414.742
1958,2030.58,13.4751,361.688
1959,2059.8,13.3762,357.142
1960,2035.81,13.5039,402.092
1961,2045.93,12.8402,382.05
1962,2055.47,13.4533,450.611
1963,2056.46,14.2224,424.985
1964,2038.91,13.9356,410.198
1965,2043.46,14.0182,394.667
1966,2062.04,15.3807,445.902
1967,2044.31,13.0815,365
1968,2040.03,12.6377,417.03
1969,2056.51,14.9533,493.981
1970,2042.95,12.474,384.715
1971,2052.08,14.3529,484.162
1972,2046.33,13.7294,395.842
1973,2043.93,14.1507,428.526
1974,2053.69,14.1295,409.359
1975,2031.11,15.183,421.743
1976,2032.78,12.4818,374.566
1977,2052.24,14.8889,441.574
1978,2040.71,13.4432,391.492
1979,2045.35,14.6583,416.167
1980,2044.15,13.7118,385.457
1981,2036.87,15.136,415.528
1982,2032.16,14.0259,390.212
1983,2042.82,14.446,374.85
1984,2051.04,12.1252,360.13
1985,2038.65,12.3966,366.083
1986,2038.12,13.0661,378.293
1987,2029.14,12.8815,373.023
1988,2032.22,13.3593,379.27
1989,2050.29,12.7961,347.4
1990,2044.56,13.7529,376.29
1991,2037.35,14.515,400.548
1992,2034.33,12.819,368.831
1993,2034.01,12.2325,375.486
1994,2047.28,12.7493,372.344
1995,2030.5,12.4522,371.651
1996,2026.26,12.3589,339.129
1997,2055.57,13.4977,374.496
1998,2049.48,13.5281,378.252
1999,2037.31,14.3432,411.503
2000,2052.55,13.057,386.94
2001,2056.73,13.0628,374.906
2002,2052.7,12.2696,365.672
2003,2031.83,11.3562,324.793
2004,2041.38,12.7344,368.229
2005,2055.29,13.3978,375.581
2006,2044.13,12.4055,351.509
2007,2047.67,14.3842,387.262
2008,2046.08,12.4255,365.493
2009,2061.86,11.2064,382.791
2010,2042.99,13.0854,385.059
2011,2064.43,12.802,431.329
2012,2047.81,13.681,387.42
2013,2047.73,13.7404,410.592
2014,2052.3,13.8618,396.021
2015,2054.11,13.2993,419.929
2016,2047.52,13.1444,388.714
2017,2052.94,11.0668,396.863
2018,2036.97,12.2691,371.878
2019,2044.98,12.0644,390.734
2020,2053.12,13.4729,402.275
2021,2059.27,12.8943,415.885
2022,2037.53,12.9274,379.768
2023,2045.48,11.6205,335.372
2024,2041.14,12.736,391.188
2025,2065.87,12.0106,349.893
2026,2039.09,12.6795,388.596
2027,2042.17,11.9069,363.555
2028,2044.16,13.418,395.909
2029,2041.88,12.7241,361.288
2030,2042.89,13.5384,393.8
2031,2051.9,13.0634,376.658
2032,2044.81,12.9269,370.035
2033,2038.4,11.1523,376.374
2034,2051.74,11.9285,356.566
2035,2034.2,13.035,459.174
2036,2031.68,11.3937,331.503
2037,2055.05,13.2561,374.995
2038,2051.47,11.4074,328.239
2039,2049.25,13.4309,406.735
2040,2047.08,12.81,364.375
2041,2047.03,12.0977,362.582
2042,2038.09,12.9117,388.608
2043,2041.55,12.6211,377.421
2044,2053.5,11.2922,332.02
2045,2057.19,13.3333,383.979
2046,2043.85,13.3988,386.931
2047,2049.26,13.7921,389.449
2048,2037.21,13.7162,383.57
2049,0,-1,-1
2050,2039.57,13.721,367.263
2051,0,-1,-1
2052,2032.71,13.4313,317.437
2053,0,-1,-1
2054,2048.85,15.5964,349.813
2055,0,-1,-1
2056,2045.61,13.1124,361.528
2057,0,-1,-1
2058,2041.99,12.66,348.195
2059,0,-1,-1
2060,2052.5,12.3983,313.786
2061,0,-1,-1
2062,2038.63,12.9368,295.658
2063,0,-1,-1
2064,2058.67,12.6301,355.871
2065,0,-1,-1
2066,2043.31,13.0104,359.321
2067,0,-1,-1
2068,2040.39,18.346,651.072
2069,0,-1,-1
2070,2052.45,13.1716,296.102
2071,0,-1,-1
2072,2044.13,12.7185,351.501
2073,0,-1,-1
2074,2050.71,11.9477,334.793
2075,0,-1,-1
2076,2042.17,13.1234,299.049
2077,0,-1,-1
2078,2059.1,12.7769,299.576
2079,0,-1,-1
2080,2068.69,12.1161,347.596
2081,0,-1,-1
2082,2036.28,11.0355,316.65
2083,0,-1,-1
2084,2040.32,12.2335,316.327
2085,0,-1,-1
2086,2047.76,12.4295,345.444
2087,0,-1,-1
2088,2070.78,11.6115,323.369
2089,0,-1,-1
2090,2049.51,11.8222,325.758
2091,0,-1,-1
2092,2047.6,12.2815,304.086
2093,0,-1,-1
2094,2055.87,11.2246,318.536
2095,0,-1,-1
2096,2038.65,12.9441,369.072
2097,0,-1,-1
2098,2051.5,12.4216,339.388
2099,0,-1,-1
2100,2045.45,12.766,313.848
2101,0,-1,-1
2102,2037.18,13.3683,372.102
2103,0,-1,-1
2104,2057.13,11.8817,332.547
2105,0,-1,-1
2106,2036.76,13.5542,382.151
2107,0,-1,-1
2108,2051.83,13.6804,354.127
2109,0,-1,-1
2110,2043.41,13.9076,385.036
2111,0,-1,-1
2112,2032.45,13.3689,375.339
2113,0,-1,-1
2114,2053.59,12.9505,372.014
2115,0,-1,-1
2116,2064.69,12.4379,311.574
2117,0,-1,-1
2118,2054.15,13.4062,334.337
2119,0,-1,-1
2120,2056.18,12.8785,368.913
2121,0,-1,-1
2122,2049.12,13.416,387.016
2123,0,-1,-1
2124,2050.81,12.1593,313.242
2125,0,-1,-1
2126,2049.07,13.0348,357.181
2127,0,-1,-1
2128,2054.53,14.9819,431.159
2129,0,-1,-1
2130,2060.32,15.251,424.645
2131,0,-1,-1
2132,2052.79,15.3656,407.739
2133,0,-1,-1
2134,2047.96,15.7382,406.954
2135,0,-1,-1
2136,2050.43,14.6231,412.191
2137,0,-1,-1
2138,2045.15,14.4666,406.062
2139,0,-1,-1
2140,2064.55,14.4406,370.405
2141,0,-1,-1
2142,2061.22,14.066,342.833
2143,0,-1,-1
2144,2059.91,14.0797,396.331
2145,0,-1,-1
2146,2040.45,14.1509,399.258
2147,0,-1,-1
2148,2032.95,14.6452,384.134
2149,0,-1,-1
2150,2046.76,14.583,389.168
2151,0,-1,-1
2152,2062,13.9638,382.131
2153,0,-1,-1
2154,2054.94,13.7441,386.384
2155,0,-1,-1
2156,2043.92,14.5188,379.793
2157,0,-1,-1
2158,2037.59,13.7337,368.266
2159,0,-1,-1
2160,2059.4,-1,-1
2161,0,-1,-1
2162,2053.84,-1,-1
2163,0,-1,-1
2164,0,-1,-1
2165,0,-1,-1
2166,2049.27,-1,-1
2167,0,-1,-1
2168,2041.18,-1,-1
2169,0,-1,-1
2170,2038.22,-1,-1
2171,0,-1,-1
2172,2047.19,-1,-1
2173,0,-1,-1
2174,2043.93,-1,-1
2175,0,-1,-1
2176,2051.48,14.4013,396.823
2177,0,-1,-1
2178,2056.25,13.9763,375.698
2179,0,-1,-1
2180,2046.84,15.4591,383.189
2181,0,-1,-1
2182,2051.1,15.4522,352.244
2183,0,-1,-1
2184,2048.13,13.8978,393.708
2185,0,-1,-1
2186,2046.63,13.0707,382.938
2187,0,-1,-1
2188,2043.25,14.7415,348.355
2189,0,-1,-1
2190,2040.24,15.3421,389.221
2191,0,-1,-1
2192,2052.39,13.0658,366.964
2193,0,-1,-1
2194,2047.09,13.0738,369.688
2195,0,-1,-1
2196,2047.61,14.263,376.564
2197,0,-1,-1
2198,2048.7,14.7,370.596
2199,0,-1,-1
2200,2053.81,13.3247,385.485
2201,0,-1,-1
2202,2052.87,12.2118,345.899
2203,0,-1,-1
2204,2056.43,12.4528,329.613
2205,0,-1,-1
2206,2054.08,13.4295,356.597
2207,0,-1,-1
2208,2063.58,10.7561,301.696
2209,0,-1,-1
2210,2056.35,10.0786,284.02
2211,0,-1,-1
2212,2059.63,12.8029,311.924
2213,0,-1,-1
2214,2056.22,13.4382,329.865
2215,0,-1,-1
2216,2053.07,10.5058,297.34
2217,0,-1,-1
2218,2051.25,-1,-1
2219,0,-1,-1
2220,2059.36,11.0082,290.15
2221,0,-1,-1
2222,2057.88,10.603,-1
2223,0,-1,-1
2224,2057.2,14.6521,407.333
2225,0,-1,-1
2226,2044.02,13.8814,393.462
2227,0,-1,-1
2228,2040.04,15.2111,416.211
2229,0,-1,-1
2230,2057.01,15.283,406.014
2231,0,-1,-1
2232,2043.51,14.6888,420.923
2233,0,-1,-1
2234,2057.03,14.0806,406.77
2235,0,-1,-1
2236,2056.95,14.9395,400.359
2237,0,-1,-1
2238,2050,15.2397,421.973
2239,0,-1,-1
2240,2046.77,11.7362,313.945
2241,0,-1,-1
2242,2036.85,10.9892,307.999
2243,0,-1,-1
2244,2055.38,12.1118,340.575
2245,0,-1,-1
2246,2042.22,-1,-1
2247,0,-1,-1
2248,2049.85,10.3229,284.053
2249,0,-1,-1
2250,2056.9,11.9117,332.339
2251,0,-1,-1
2252,2034.17,10.7742,310.522
2253,0,-1,-1
2254,2049.73,12.734,344.69
2255,0,-1,-1
2256,2052.36,13.9748,404.688
2257,0,-1,-1
2258,2058.01,14.4968,405.913
2259,0,-1,-1
2260,2037.3,14.9284,423.659
2261,0,-1,-1
2262,2036.16,13.7349,370.481
2263,0,-1,-1
2264,2048.76,15.2148,426.14
2265,0,-1,-1
2266,2049.41,14.6197,405.785
2267,0,-1,-1
2268,2076.69,15.8543,410.416
2269,0,-1,-1
2270,2054.41,15.0204,424.759
2271,0,-1,-1
2272,2043.8,12.7065,352.217
2273,0,-1,-1
2274,2056.1,11.7407,338.826
2275,0,-1,-1
2276,2052.36,10.9114,305.199
2277,0,-1,-1
2278,2031.78,12.476,319.366
2279,0,-1,-1
2280,2046.98,11.727,323.117
2281,0,-1,-1
2282,2051.1,11.4136,330.753
2283,0,-1,-1
2284,2046.33,11.5892,300.928
2285,0,-1,-1
2286,2048.7,12.199,324.119
2287,0,-1,-1
2288,2028.47,14.303,399.072
2289,0,-1,-1
2290,2030.24,13.4053,372.569
2291,0,-1,-1
2292,2034.5,14.1398,384.529
2293,0,-1,-1
2294,2038.25,12.8944,364.285
2295,0,-1,-1
2296,2043.01,13.9651,392.238
2297,0,-1,-1
2298,2052.17,13.2717,378.853
2299,0,-1,-1
2300,2066.99,14.2848,396.399
2301,0,-1,-1
2302,2056.99,13.9993,380.251
2303,0,-1,-1
