TABLE CRVSiPM
#channel,pedestal,calibPulseHeight,calibPulseArea
0,2037.73,18.9883,548.792
1,2043.97,15.995,459.101
2,2044.32,19.38,547.284
3,2053.74,17.0215,483.248
4,2056.13,20.5165,552.271
5,2050.91,17.6088,494.182
6,2049.35,18.5943,480.528
7,2040.45,16.6871,428.224
8,2038.02,19.7525,561.785
9,2038.95,16.9834,480.074
10,2052.3,19.8651,570.658
11,2061.45,17.9223,503.865
12,2029.23,19.86,571.591
13,2043.09,17.0721,473.805
14,2037.83,19.6458,553.197
15,2041.78,15.7869,444.413
16,2045.23,19.6327,567.683
17,2028.26,18.3455,539.547
18,2027.74,20.2274,585.334
19,2049.12,17.8639,525.143
20,2047.96,21.1826,595.052
21,2059.89,18.5161,536.384
22,2052.77,21.2673,575.223
23,2049.58,18.6202,525.985
24,2041.97,21.1236,582.404
25,2046.24,17.5609,505.072
26,2038.52,20.6943,589.512
27,2049.3,17.8464,513.589
28,2064.56,20.694,586.841
29,2049.14,17.0167,483.417
30,2034.46,19.3732,563.13
31,2067.27,17.6066,492.344
32,2035.37,20.3966,589.293
33,2039.04,17.5197,486.307
34,2040.03,21.2189,600.371
35,2030.85,18.303,495.023
36,2050.88,20.1775,568.725
37,2048.02,18.5868,502.017
38,2045.65,21.0611,588.752
39,2051.77,16.7741,448.821
40,2030.95,19.7273,567.198
41,2051.12,16.9501,489.269
42,2052.96,19.3152,563.977
43,2046.35,16.5044,462.293
44,2060,19.5087,551.971
45,2038.15,16.5447,448.398
46,2043.83,20.0858,562.268
47,2034.05,16.9715,520.002
48,2042.46,18.3557,511.207
49,2045.02,18.976,524.976
50,2041.72,18.8874,529.313
51,2041.96,17.7297,499.982
52,2038.03,17.9388,515.149
53,2041.99,19.3032,533.2
54,2038.83,18.3395,512.011
55,2053.46,17.7389,484.59
56,2053.58,17.4822,507.988
57,2053.98,17.3143,501.115
58,2068.23,17.4207,503.88
59,2040.54,18.12,513.907
60,2035.66,18.482,521.541
61,2047.58,17.8056,505.192
62,2044.94,18.0218,522.872
63,2045.71,17.6229,497.138
64,2046.97,17.7092,515.262
65,2058.78,18.5402,515.966
66,2040.23,17.6913,509.134
67,2032.62,18.6263,532.006
68,2053.76,18.8062,508.268
69,2054.39,18.7042,510.489
70,2049.11,18.1432,488.856
71,2037.75,18.7185,515.175
72,2038.09,19.0542,522.401
73,2049.53,20.6497,582.482
74,2040.46,18.0844,505.631
75,2062.45,20.393,575.269
76,2054.11,17.9053,498.8
77,2051.72,20.6002,577.19
78,2044.28,18.5502,521.608
79,2056.59,19.859,568.314
80,2039.7,20.4179,563.822
81,2045.17,15.8907,464.502
82,2058.95,19.3812,558.143
83,2038.73,16.2504,471.718
84,2042.36,20.0107,565.224
85,2041.93,15.1886,447.721
86,2034.81,20.2588,570.347
87,2050.7,15.2613,446.713
88,2035.94,19.7295,568.898
89,2061.41,14.4835,420.313
90,2045.81,20.9078,591.115
91,2054.66,14.6856,427.155
92,2038.81,19.2431,559.285
93,2063.12,14.3164,422.967
94,2039.52,21.3188,584.081
95,2049.38,14.0441,405.167
96,2054.07,19.1585,539.674
97,2053.75,17.3703,504.49
98,2047.53,18.7166,536.299
99,2054.09,17.0204,495.437
100,2056.12,18.5367,522.757
101,2036.76,17.9701,504.743
102,2069.36,19.3454,535.373
103,2048.69,17.6386,491.732
104,2029.52,17.475,494.954
105,2030.94,17.4566,504.343
106,2047.17,18.7416,536.023
107,2052.67,17.269,494.987
108,2059.53,17.6883,514.147
109,2037.95,16.5227,477.197
110,2038.36,18.9966,532.082
111,2068.06,16.8552,485.8
112,2054.78,17.8308,496.951
113,2060.89,17.857,511.148
114,2047.61,18.1763,501.708
115,2054.83,18.0881,505.903
116,2049.27,18.2599,502.969
117,2048.55,18.2909,495.092
118,2061.89,18.3761,504.672
119,2061.16,18.298,505.825
120,2044.65,18.8981,507.143
121,2052.67,19.3665,537.535
122,2057.28,18.8623,516.075
123,2046.78,19.1389,540.658
124,2045.09,17.7018,491.935
125,2043.12,19.6665,546.962
126,2056.49,18.8239,507.805
127,2052.37,18.3311,525.812
128,2047.27,19.5472,557.46
129,2046.22,16.4807,461.571
130,2038.11,20.5526,568.671
131,2046.43,15.8966,436.796
132,2027.55,19.9593,552.369
133,2039.69,16.3553,448.262
134,2042.67,19.0704,518.872
135,2042.57,14.5817,372.637
136,2042.25,19.8342,562.228
137,2020.94,16.2715,474.625
138,2039.65,20.2951,564.176
139,2032.68,16.6273,500.232
140,2054.21,19.8888,549.345
141,2048.95,15.9934,429.148
142,2035.65,20.217,554.015
143,2035.66,16.1138,438.331
144,2050.75,20.0577,586.12
145,2040.66,18.1904,504.614
146,2049.9,20.6594,567.22
147,2052.19,18.3813,511.655
148,2039.94,19.4967,540.042
149,2037.9,16.5957,464.611
150,2054.93,20.379,540.254
151,2054.92,17.915,481.106
152,2054.57,19.7409,558.921
153,2051.14,16.7255,490.29
154,2053.1,18.6112,541.984
155,2041.8,17.0321,494.632
156,2047.74,20.2302,551.383
157,2037.98,16.8914,486.295
158,2045.99,21.0206,575.087
159,2066.95,17.128,483.47
160,2043.19,18.8473,529.169
161,2057.92,17.7622,497.163
162,2063.86,19.8147,550.764
163,2051.05,16.1752,465.861
164,2049.3,19.4578,535.997
165,2053.19,16.8758,477.219
166,2049.06,20.1805,528.722
167,2041.13,15.6517,403.377
168,2054.27,19.9978,552.475
169,2043.17,16.9361,478.379
170,2038.91,20.0955,555.044
171,2053.57,17.172,484.693
172,2052.95,19.1779,542.852
173,2046.81,16.8153,476.539
174,2057.38,20.7867,565.876
175,2046.51,17.1515,448.603
176,2044.8,17.639,501.008
177,2024.55,18.0869,515.804
178,2063.25,16.8211,485.163
179,2039.62,18.4519,546.682
180,2047.5,17.644,495.439
181,2047.54,18.4807,518.095
182,2045.36,18.2213,498.677
183,2061.54,18.4099,505.518
184,2039.01,19.1749,524.735
185,2033.47,16.0269,462.969
186,2043.34,17.4214,492.238
187,2034.01,17.1617,493.909
188,2052.88,18.5035,517.415
189,2036.78,17.0858,485.22
190,2058.3,18.6162,508.464
191,2064.43,17.4191,484.697
192,2049.54,21.9053,626.392
193,2024.04,17.3444,493.246
194,2040.44,21.664,622.204
195,2014.7,15.7941,473.565
196,2030.75,22.9166,643.558
197,2032.94,16.864,473.925
198,2046.25,21.152,606.887
199,2035.57,16.301,473.384
200,2049.48,22.6244,634.891
201,2055.68,16.4517,484.142
202,2054.91,21.2188,605.485
203,2048.68,16.4486,483.712
204,2054.87,20.5387,586.314
205,2051.46,17.6123,509.434
206,2062.21,21.0893,615.967
207,2035.88,16.2901,482.992
208,2040.19,19.0185,521.428
209,2046.83,19.4741,628.681
210,2034.79,18.6735,519.083
211,2062.71,18.6927,542.159
212,2055.83,19.3431,519.146
213,2038.33,17.6235,547.217
214,2049.67,20.3865,532.356
215,2038.3,17.6561,541.475
216,2053.91,20.2514,541.12
217,2041.8,17.6669,509.653
218,2041.47,19.9818,542.866
219,2050.12,18.0557,516.118
220,2046.69,19.0961,514.68
221,2044.36,16.9323,499.622
222,2048.29,19.2508,518.76
223,2049.89,18.3432,515.868
224,2039.5,17.2296,486.283
225,2034.95,16.0489,453.728
226,2024.8,18.0274,502.643
227,2037,16.0054,459.619
228,2035.32,16.8995,486.431
229,2055.2,15.3516,444.532
230,2044.93,17.3952,478.514
231,2041.66,16.018,451.319
232,2036.81,16.9227,468.571
233,2055.6,15.9566,462.103
234,2054.43,16.4185,466.928
235,2029.97,15.3232,450.774
236,2044.44,18.0658,490.493
237,2035.81,14.9843,432.763
238,2048.43,15.9668,464.085
239,2049.67,15.7937,445.659
240,2043.19,18.3589,517.929
241,2040.06,19.9203,579.896
242,2047.84,18.6699,520.247
243,2061.27,20.522,585.793
244,2030.96,18.7221,515.188
245,2045.02,20.6447,583.634
246,2050.04,18.7485,518.767
247,2046.09,20.0564,567.828
248,2036.28,18.985,523.811
249,2037.5,21.2194,593.272
250,2070.58,17.9099,511.109
251,2045.26,20.1426,585.639
252,2044.08,17.3871,494.153
253,2048.01,20.4636,583.634
254,2059.8,17.3031,490.211
255,2040.76,21.4568,594.472
256,2039.94,16.9474,486.44
257,2057.86,15.2481,415.037
258,2035,16.3742,467.311
259,2040.42,14.828,381.933
260,2046.42,16.3874,453.966
261,2062.17,14.5947,379.5
262,2021.62,16.2245,427.468
263,2039.08,15.11,367.552
264,2032.88,16.8994,511.02
265,2043.32,15.5026,422.191
266,2055.41,17.7705,557.044
267,2041.48,15.4526,422.249
268,2046.02,16.3099,463.002
269,2041.15,14.7034,402.674
270,2050.5,16.8514,462.66
271,2047.06,15.8653,418.45
272,2041.54,15.9567,451.908
273,2047.76,16.2184,445.244
274,2051.66,15.3974,451.32
275,2031.6,16.1049,452.835
276,2035.64,15.5314,431.987
277,2055.4,16.4316,449.395
278,2031.83,15.3241,420.333
279,2039.56,16.1475,437.111
280,2037.5,16.7688,506.03
281,2054.85,16.2948,463.083
282,2044.16,16.8236,513.46
283,2039.85,16.04,447.475
284,2033.25,15.4883,437.612
285,2047.56,16.284,451.33
286,2034.57,15.6975,439.601
287,2041.77,17.2571,470.529
288,2038.03,15.3555,435.812
289,2065.19,17.0079,496.687
290,2047.48,15.2715,436.764
291,2042.09,16.9373,489.682
292,2039.36,14.6641,414.006
293,2042.48,16.753,466.262
294,2061.59,15.0337,412.406
295,2045.05,16.4435,419.438
296,2040.93,15.6322,461.688
297,2058.77,17.4708,526.487
298,2056.68,15.6437,466.362
299,2041.74,16.7381,487.523
300,2045.96,15.3768,432.093
301,2045.81,17.4789,497.567
302,2041.78,15.5147,444.874
303,2046.96,16.9189,480.876
304,2047.35,18.9528,535.487
305,2038.31,13.6015,394.287
306,2035.52,18.4368,542.352
307,2025.48,13.4411,399.258
308,2031.85,18.6934,518.946
309,2056.99,13.3474,371.233
310,2058.14,18.0921,506.324
311,2048.56,13.4072,374.384
312,2048.05,18.8684,559.289
313,2038.5,14.1776,437.261
314,2045.29,18.5413,558.458
315,2044.8,14.2922,446.376
316,2052.2,18.3881,525.222
317,2042,13.6236,387.232
318,2048.54,18.9173,527.917
319,2040.28,14.9214,429.702
320,2035.62,17.1462,506.485
321,2055.72,16.436,469.613
322,2028.86,17.0836,498.166
323,2060.3,16.3799,467.563
324,2042.93,16.9949,481.88
325,2048.1,15.8597,432.107
326,2050.69,16.5025,472.423
327,2044.92,17.6519,474.38
328,2046.29,17.9198,544.944
329,2039.23,16.109,456.349
330,2051.09,17.6927,542.796
331,2044.62,16.7909,481.626
332,2048.79,16.8929,517.98
333,2047.65,15.7785,449.765
334,2046.42,17.1034,496.162
335,2051.1,17.0598,463.323
336,2044.38,16.3881,476.785
337,2038.13,16.4176,468.106
338,2047.71,16.7106,488.114
339,2047.99,15.1701,435.251
340,2044.86,16.1182,465.078
341,2034.26,15.8494,457.854
342,2046.15,16.2139,461.349
343,2046.84,15.2727,430.92
344,2041.87,16.5809,477.949
345,2041.21,14.9694,435.477
346,2050.5,16.3433,494.516
347,2065.98,14.988,437.437
348,2033.65,17.2266,486.309
349,2044.12,14.6068,419.706
350,2032.45,16.9037,481.293
351,2044.54,14.4561,419.995
352,2039.08,15.1698,436.432
353,2042.02,15.639,440.24
354,2054.94,15.9704,461.481
355,2051.31,15.4535,437.93
356,2040.93,15.3144,434.442
357,2035.78,16.0241,444.151
358,2035.6,15.97,454.585
359,2040.5,15.4827,425.778
360,2037.62,16.5673,517.462
361,2053.76,15.8463,456.991
362,2054.04,16.2934,524.445
363,2038,15.4347,438.663
364,2052.96,16.1282,474.915
365,2035.2,15.1661,430.994
366,2052.32,16.9237,509.974
367,2041.79,15.3827,430.82
368,2049.76,16.3822,477.56
369,2056.1,16.6985,477.099
370,2037.69,16.3613,505.767
371,2045.07,16.3655,466.356
372,2037.85,16.3197,471.704
373,2053.01,16.4472,459.689
374,2011.33,17.2857,496.368
375,2033.03,16.7971,459.054
376,2034.67,16.8124,481.935
377,2042.16,16.7566,477.341
378,2051.82,16.0494,461.25
379,2050.85,17.1715,479.894
380,2058.33,16.9754,475.913
381,2044.1,16.2134,459.285
382,2033.72,16.3843,472.651
383,2049.53,16.74,468.41
384,2050.14,16.1035,454.159
385,2050.76,16.0962,444.615
386,2055.21,15.6572,447.025
387,2035.04,16.4281,439.594
388,2052.82,15.7762,425.205
389,2053.56,15.7004,403.457
390,2065.81,15.3009,399.241
391,2053.87,15.9154,381.476
392,2049.65,16.6328,510.617
393,2040.5,16.5457,463.733
394,2060.59,16.9611,498.225
395,2050.51,16.6766,459.366
396,2027.28,15.2734,427.163
397,2041.12,17.3334,466.19
398,2045.23,15.7854,437.576
399,2045.11,16.6513,454.882
400,2038.43,18.7964,541.316
401,2061.13,19.4823,539.339
402,2055.41,19.8827,572.998
403,2043.49,19.8191,550.548
404,2044.77,18.8676,528.327
405,2055.53,20.006,542.063
406,2062.05,19.1674,507.392
407,2057.54,19.262,536.652
408,2053.04,20.0844,568.018
409,2033.6,18.904,530.271
410,2060.43,19.8724,555.146
411,2049.48,19.1359,537.462
412,2057.26,19.2919,496.763
413,2051.73,19.1708,536.023
414,2047.42,19.8428,533.276
415,2051.47,20.2358,545.52
416,2046.52,18.9467,547.315
417,2042.25,15.8031,453.584
418,2050.59,18.6958,538.32
419,2037.57,15.5814,446.239
420,2060.82,18.9641,538.263
421,2041.5,15.478,428.264
422,2065.08,20.3651,560.204
423,2061.13,15.6474,409.922
424,2046.39,21.0916,583.114
425,2042.08,15.6632,448.8
426,2059.6,20.9616,592.273
427,2050.16,15.7915,457.352
428,2065.79,19.8561,565.615
429,2034.83,15.3454,422.719
430,2040.21,20.3554,548.238
431,2055.02,16.3535,455.581
432,2051,15.6306,439.711
433,2050.42,16.1126,465.031
434,2047.1,15.1483,429.861
435,2039.36,15.8719,454.821
436,2052.04,15.2476,432.189
437,2047.77,16.5033,470.684
438,2038.28,16.7955,453.856
439,2039.04,16.3959,458.568
440,2043.28,15.1421,427.143
441,2054.2,17.8399,500.974
442,2038.87,15.6625,444.08
443,2043.07,16.4479,471.802
444,2045.45,15.034,424.315
445,2040.29,16.4226,464.093
446,2059.02,15.7552,441.719
447,2048.79,15.9173,441.139
448,2054.15,17.7489,495.386
449,2048.49,16.3425,465.477
450,2051.99,18.4675,510.236
451,2056.94,16.4037,470.379
452,2042.39,17.7272,486.816
453,2056.97,16.2703,455.961
454,2045.45,16.9855,479.444
455,2033.19,16.3216,461.681
456,2041.17,18.274,558.458
457,2057.48,16.7135,475.873
458,2027.19,17.6951,568.726
459,2045.73,16.4029,473.251
460,2056.1,18.8079,552.726
461,2036.81,15.6271,447.571
462,2053.99,18.8085,609.556
463,2059.9,16.04,462.54
464,2048.06,17.1046,489.253
465,2041.35,16.5679,468.876
466,2034.28,18.2264,510.474
467,2053.62,17.1982,487.3
468,2037.42,17.4103,476.941
469,2044.76,16.5434,460.834
470,2044.37,17.8976,472.548
471,2049.82,17.5716,474.846
472,2061.28,18.2619,500.817
473,2054.27,16.9706,479.1
474,2063.12,17.6816,501.003
475,2061.34,17.6931,488.039
476,2065.21,17.2144,469.484
477,2046.9,17.9563,495.411
478,2035.7,17.9483,487.87
479,2049.96,17.3062,475.154
480,2050.46,17.5066,489.781
481,2052.93,17.0647,481.663
482,2051.13,16.4219,453.533
483,2058.85,17.4251,490.18
484,2056.25,16.3591,454.99
485,2054,16.9994,478.667
486,2057.14,16.3786,451.864
487,2048.69,16.3521,463.713
488,2059.07,16.189,464.483
489,2049.71,16.2654,472.096
490,2035.28,17.7491,534.479
491,2051.94,17.7868,497.089
492,2043.05,16.9392,455.3
493,2047.76,17.9804,492.201
494,2067.74,16.0801,445.331
495,2048.56,16.9623,486.2
496,2052.85,16.154,468.741
497,2053.39,17.363,495.436
498,2044.71,16.6566,471.025
499,2058.29,17.3816,488.616
500,2042.87,16.4395,466.426
501,2058.12,17.6776,495.23
502,2043.33,17.3384,479.676
503,2041.3,17.376,482.962
504,2032.04,16.6221,476.655
505,2035.4,17.5148,496.058
506,2035.61,16.1438,467.771
507,2037.84,16.4603,478.793
508,2033.1,16.7868,475.255
509,2031.96,17.695,490.514
510,2038.72,16.4099,469.248
511,2047.94,18.466,517.636
512,2048.08,16.4541,455.812
513,2049.73,15.2801,447.263
514,2040.77,15.6503,423.342
515,2038.7,13.8775,405.803
516,2032.76,15.7004,405.019
517,2038.47,15.0026,435.783
518,2058.76,15.0064,368.762
519,2041.23,14.5624,378
520,2041.69,15.3612,439.714
521,2055.29,14.856,440.675
522,2056.25,15.7521,444.984
523,2050.47,14.9177,439.895
524,2051.84,15.8421,444.272
525,2038.02,15.1424,427.414
526,2053.05,16.5534,444.27
527,2049.03,13.9435,381.606
528,2036.57,17.5468,487.872
529,2054.91,14.8937,436.958
530,2030.68,17.6748,499.958
531,2052.28,15.3049,447.391
532,2038.81,17.1001,462.681
533,2052.66,14.7262,427.715
534,2037.95,17.6835,479.262
535,2050.52,15.725,440.863
536,2045.43,18.1372,528.912
537,2049.21,15.951,455.898
538,2066.1,18.4706,564.656
539,2052.97,14.9857,441.964
540,2072.18,17.7695,499.185
541,2041.88,15.1379,429.498
542,2030.86,17.7542,516.828
543,2051.27,15.2425,434.505
544,2048.56,16.0063,457.749
545,2054.46,16.28,454.147
546,2032.61,16.0717,464.394
547,2045.99,15.4176,443.01
548,2029.08,15.7757,426.362
549,2050.73,15.6056,428.751
550,2032.15,16.1454,395.221
551,2030.24,15.8709,424.728
552,2053.59,17.1925,564.725
553,2044.7,15.1866,422.445
554,2046.38,17.4144,517.104
555,2043.4,15.1665,434.131
556,2036.67,16.3313,477.223
557,2044.78,15.7596,437.727
558,2055.43,16.5807,470.166
559,2053.59,16.0974,438.164
560,2053.25,18.793,597.804
561,2047.62,17.4986,496.02
562,2050.46,18.1016,584.058
563,2044.29,16.9092,482.602
564,2030.08,18.5404,565.106
565,2053,17.4251,500.188
566,2050.25,17.883,505.646
567,2053.16,17.2755,486.658
568,2052.74,19.3556,597.642
569,2079.84,17.5314,506.324
570,2046.82,18.1202,606.159
571,2047.07,16.7453,487.951
572,2055.21,17.9917,545.212
573,2052.03,16.755,476.071
574,2055.96,18.2788,564.696
575,2059.48,17.2346,486.838
576,2034.22,16.0276,459.273
577,2060.85,15.551,441.987
578,2055.61,16.8183,479.592
579,2035.24,16.2739,461.975
580,2041.24,16.6515,465.766
581,2047.01,15.775,432.967
582,2043.13,16.8987,463.218
583,2034.25,16.0078,442.872
584,2038.58,16.3774,469.652
585,2042.41,16.2087,449.779
586,2060.65,16.0365,457.583
587,2057.07,16.387,456.937
588,2043.33,16.2993,449.387
589,2045.34,15.8457,443.006
590,2023.78,15.48,433.09
591,2043.78,16.2404,448.791
592,2043.74,16.3332,471.601
593,2041.32,15.8931,449.884
594,2045.52,15.7803,455.198
595,2051.55,16.1522,460.697
596,2054.27,15.7898,453.791
597,2075.96,15.6084,442.534
598,2047.2,15.9021,435.534
599,2052.29,15.8419,443.964
600,2054.1,16.4683,480.603
601,2049.98,16.6461,470.466
602,2059.39,16.3619,474.942
603,2061.17,16.335,456.639
604,2052.9,15.7111,439.073
605,2057.12,14.9103,434.817
606,2035.64,15.0039,437.466
607,2056.54,16.5617,461.648
608,2033.32,13.6047,399.092
609,2047.38,14.428,417.179
610,2049.45,13.4197,388.989
611,2057.17,14.9335,422.089
612,2022.32,13.4152,382.47
613,2026.23,14.949,423.004
614,2038,13.6552,370.196
615,2033.39,14.8073,409.177
616,2051.58,13.3375,379.899
617,2035.08,15.3749,435.332
618,2034.51,12.9744,377.031
619,2043.59,14.4532,421.934
620,2051.06,13.5153,387.822
621,2054.53,14.9925,421.957
622,2041.14,13.9346,401.19
623,2049.77,14.9187,420.14
624,2038.17,13.3078,378.928
625,2046.29,15.6824,455.757
626,2040.33,13.8213,396.342
627,2054.26,14.9656,424.653
628,2045.55,12.9337,363.911
629,2016.13,15.7141,438.499
630,2043.42,13.8954,377.851
631,2046.66,15.1979,424.044
632,2040.03,13.7788,401.043
633,2036.98,15.0712,426.708
634,2044.87,13.3006,388.155
635,2066.93,15.4338,442.637
636,2034.24,13.0476,371.161
637,2043.81,15.3881,439.896
638,2044.62,12.9035,365.21
639,2050.11,15.3017,436.132
640,2040.89,17.2302,494.396
641,2046.35,15.7441,453.072
642,2048.44,17.0418,466.578
643,2041.4,15.1279,404.81
644,2057.35,17.342,480.495
645,2025.84,14.6657,382.934
646,2051.54,17.4029,436.672
647,2030.98,15.7632,389.019
648,2046.1,18.2227,509.704
649,2043.34,17.3348,568.951
650,2041.61,16.9366,485.627
651,2053.33,16.6117,525.75
652,2051.15,16.5937,473.359
653,2034.65,15.6639,484.294
654,2049.51,16.3261,436.966
655,2041.75,14.3074,391.69
656,2057.45,18.3484,601.879
657,2026.86,17.906,518.207
658,2037.64,17.7981,580.698
659,2045.63,16.2115,482.969
660,2039.39,17.4308,528.49
661,2048.04,17.4947,502.878
662,2055.85,17.5972,515.092
663,2042.46,17.7288,497.154
664,2039.6,18.4013,587.447
665,2040.2,16.7801,492.13
666,2041.17,18.9302,649.454
667,2055.45,17.1861,513.125
668,2049.54,17.6094,525.206
669,2031.74,15.8177,463.601
670,2045.4,17.8872,525.916
671,2041.05,16.5901,485.682
672,2044.81,16.0238,461.178
673,2042.94,16.2918,466.416
674,2045.3,16.5458,469.571
675,2042.19,15.0977,437.764
676,2044.98,16.3827,444.105
677,2023.9,16.4249,464.455
678,2038.6,16.1981,421.772
679,2059.94,15.1874,434.784
680,2062.19,16.5264,465.612
681,2046.95,16.5145,479.728
682,2051.26,16.1079,465.693
683,2060.6,15.4693,455.037
684,2062.16,15.4945,423.903
685,2046.14,16.2217,462.359
686,2030.25,15.7794,438.567
687,2043.3,15.8982,459.744
688,2047.34,15.7146,465.472
689,2044.65,17.6756,502.499
690,2043.36,15.2339,440.06
691,2042.64,17.5983,500.792
692,2066.5,15.6117,440.93
693,2052.83,17.7131,489.295
694,2051.35,15.8887,441.388
695,2052.85,17.148,492.496
696,2036.58,16.0057,455.542
697,2043.19,17.1734,511.814
698,2052.27,16.0078,459.092
699,2038.76,16.5712,488.41
700,2051.4,16.4873,465.709
701,2040.92,17.5261,492.616
702,2056.54,15.9903,446.58
703,2047.15,16.8155,491.735
704,2055.79,15.3709,433.642
705,2039.58,18.3019,519.606
706,2045.46,14.9281,423.708
707,2026.28,16.785,483.914
708,2046.81,15.023,410.484
709,2042.38,18.122,507.457
710,2047.7,14.4721,400.634
711,2048.91,17.113,490.554
712,2053.15,15.262,439.366
713,2034.89,18.0902,517.158
714,2047.44,14.2356,418.811
715,2039.97,16.4968,480.694
716,2044.15,15.2005,430.387
717,2060.88,17.5121,507.629
718,2043.54,13.4664,393.411
719,2061.56,18.0808,520.002
720,2057.76,16.3211,472.094
721,2054.4,16.9034,493.026
722,2037.22,16.1489,464.141
723,2042.88,18.2565,521.873
724,2035.96,15.1732,426.321
725,2046.73,17.6402,500.518
726,2036.96,15.5328,426.3
727,2041.83,17.5951,499.922
728,2055.59,16.6577,474.868
729,2055.22,18.0736,516.983
730,2037.22,16.3825,474.631
731,2038.59,18.1833,519.119
732,2037.1,15.8614,467.624
733,2041.36,16.7382,484.546
734,2039.81,16.6788,474.79
735,2046.34,17.775,508.919
736,2033.75,12.428,362.412
737,2052.84,15.401,452.39
738,2053.67,12.884,379.265
739,2049.01,16.1186,464.052
740,2055.72,12.9362,365.679
741,2043.51,14.9797,431.413
742,2037.39,13.3877,367.566
743,2047.7,15.1878,441.286
744,2054.77,12.8813,369.693
745,2063.2,15.6067,454.129
746,2054.64,13.2552,376.329
747,2040.36,15.4103,449.21
748,2054.41,12.571,390.791
749,2050.29,15.1608,442.174
750,2048.99,12.9737,368.39
751,2070.08,15.1064,449.034
752,2050.45,17.2804,499.072
753,2046.43,14.6815,428.394
754,2038.62,16.0577,467.314
755,2046.36,14.2734,416.274
756,2048.09,16.3818,468.92
757,2044.67,13.8079,404.379
758,2044.89,16.292,456.619
759,2040.47,13.7936,400.218
760,2031.83,16.7544,484.067
761,2047.74,14.3572,422.396
762,2050.25,16.897,493.974
763,2043.91,14.2431,412.913
764,2043.99,16.084,480.251
765,2037.01,14.4649,418.413
766,2038.42,16.2777,470.366
767,2042.84,13.8258,406.611
768,2047.58,15.3879,452.469
769,2035.61,19.0201,537.694
770,2029.93,15.0092,421.355
771,2040.23,18.8591,515.885
772,2028.3,15.3236,398.685
773,2042.94,18.6939,518.574
774,2039.94,13.9414,338.293
775,2037.79,17.7337,440.22
776,2039.87,15.6422,458.119
777,2048.27,18.166,523.766
778,2046,15.9753,468.288
779,2049.15,18.241,524.074
780,2043.79,14.2088,396.33
781,2044.98,19.3843,538.629
782,2058.75,15.2965,412.365
783,2046.38,17.9922,486.946
784,2062.23,16.8676,475.616
785,2026.38,16.5212,475.705
786,2036.91,17.6307,521.586
787,2032.56,16.9916,476.816
788,2041.08,15.8115,447.737
789,2036.01,16.6757,468.828
790,2062.03,16.197,462.065
791,2052.96,16.5178,457.968
792,2056.16,16.9561,587.569
793,2049.53,17.1439,478.845
794,2032.58,17.296,564.535
795,2043.28,16.9931,501.316
796,2047.43,16.6969,498.811
797,2054.75,16.2754,462.709
798,2042.17,17.6648,556.262
799,2031.88,17.2595,479.774
800,2052.46,18.2661,510.689
801,2054.56,15.0815,435.238
802,2031.49,18.0431,503.851
803,2042.69,15.6934,446.537
804,2045.61,17.9896,500.094
805,2046.13,15.7453,436.197
806,2045.32,17.1156,447.845
807,2039.16,15.2311,409.214
808,2048.82,18.3818,507.782
809,2049.84,15.6163,450.746
810,2053.38,17.3883,494.187
811,2053.24,15.4406,448.058
812,2063.39,18.0698,493.881
813,2037.85,15.8408,450.759
814,2052.81,16.9424,471.969
815,2053.46,15.1304,414.093
816,2050.99,18.0289,493.045
817,2037.9,15.805,450.947
818,2034.62,18.0409,494.983
819,2048.86,15.254,437.374
820,2050.11,18.2307,495.108
821,2042.81,15.5844,435.264
822,2035.53,17.9381,469.557
823,2041.77,15.2093,420.796
824,2043.64,18.7042,506.004
825,2037.4,16.0201,461.121
826,2057.69,18.9484,508.013
827,2042.84,15.289,441.792
828,2049.65,18.2957,477.899
829,2043.46,15.9314,457.787
830,2039.69,18.0541,490.217
831,2036.87,15.5135,436.928
832,2044.58,16.1263,446.921
833,2027.99,17.1386,490.842
834,2068.63,15.7979,445.594
835,2038.51,17.0165,489.831
836,2054.05,16.0346,456.194
837,2044,17.2697,487.612
838,2059.13,15.263,417.637
839,2040.42,16.4986,464.766
840,2053.95,15.526,439.491
841,2026.24,16.6448,479.624
842,2061.83,16.1162,463.824
843,2047.42,17.0685,485.716
844,2043.54,15.8396,443.003
845,2038.65,16.5686,470.755
846,2052.31,15.3935,440.792
847,2044.42,16.9019,483.264
848,2037.85,17.8236,527.528
849,2047.76,17.9179,506.166
850,2047.97,17.4174,505.114
851,2036.68,17.3414,498.189
852,2045.4,15.9426,472.099
853,2034.85,18.0632,505.444
854,2029.04,17.5642,489.171
855,2049.33,17.3676,494.072
856,2040.77,16.8018,504.719
857,2043.49,18.1439,508.053
858,2051.16,18.0249,517.565
859,2039.01,17.4861,498.995
860,2049.27,17.077,492.71
861,2053.37,18.0084,505.068
862,2037.13,17.4547,495.103
863,2051.62,-1,-1
864,2041.07,18.0906,511.827
865,2040.46,15.3715,442.351
866,2039.66,18.3919,528.039
867,2043.09,14.7472,429.165
868,2038.1,18.7941,519.948
869,2045.72,14.1164,414.523
870,2045.76,18.4363,514.525
871,2037.68,14.9543,420.668
872,2046.04,18.8414,529.235
873,2046.09,14.3446,423.538
874,2067.54,18.1873,519.15
875,2043.86,15.0937,434.354
876,2028.21,17.9423,505.538
877,2056.05,14.2537,420.258
878,2047.23,19.0005,530.599
879,2063.61,15.1003,433.405
880,2052.05,15.8951,467.429
881,2029.37,17.1482,515.257
882,2048.29,17.3729,507.812
883,2043.72,17.7576,517.47
884,2056.93,15.9261,457.237
885,2048.43,17.9779,515.97
886,2050.01,16.9755,478.259
887,2050.47,17.08,507.601
888,2043.3,16.2912,464.052
889,2037.38,17.7587,515.411
890,2047.24,16.5659,472.01
891,2034.63,17.8805,520.799
892,2034.91,15.5202,441.875
893,2050.35,17.435,519.157
894,2031.02,15.9252,452.218
895,2040.67,17.6423,520.664
896,2039.92,19.0389,532.97
897,2052.77,17.8399,505.192
898,2033.58,18.1573,501.693
899,2030.33,17.1859,466.567
900,2024.17,18.798,513.189
901,2043.03,18.4721,487.879
902,2037.73,16.6938,430.062
903,2053.16,16.7504,415.607
904,2041.83,20.4473,657.795
905,2055.49,17.4245,502.203
906,2038.93,19.8439,681.799
907,2042.53,17.4265,497.95
908,2035.6,18.7695,587.111
909,2054.62,18.0239,501.64
910,2042.14,18.4272,582.863
911,2038.37,17.3486,482.345
912,2045.72,16.5756,477.499
913,2037.37,16.2308,463.934
914,2041.67,17.4057,484.027
915,2042.57,15.7121,455.952
916,2040.74,16.419,439.836
917,2048.29,15.6403,441.783
918,2053.27,17.0338,471.468
919,2038.43,16.0389,446.902
920,2052.35,17.3407,501.764
921,2039.6,15.8113,466.883
922,2052.8,16.7779,471.838
923,2031.65,15.3818,446.585
924,2069.79,16.8983,467.146
925,2042.45,15.8545,454.89
926,2061.61,17.8874,486.476
927,2033.99,16.0882,452.894
928,2052.82,20.4225,556.987
929,2033.97,20.0081,559.507
930,2047.12,20.3218,558.861
931,2043.51,18.8523,550.769
932,2042.23,20.3893,545.96
933,2050.27,19.4179,536.305
934,2041.04,19.6854,529.6
935,2044.88,19.4084,529.282
936,2047.84,19.9227,554.24
937,2047.17,18.0929,524.548
938,2050.99,19.0563,541.995
939,2036.6,18.4614,535.138
940,2036.02,18.9142,531.698
941,2016.62,18.7215,525.546
942,2043.02,20.0608,546.755
943,2039.06,19.0711,538.437
944,2052.8,18.1257,521.508
945,2047.82,17.1134,501.064
946,2050.03,18.6096,532.772
947,2041.79,17.4204,507.365
948,2031.44,18.9075,519.797
949,2055.47,17.5168,500.57
950,2045.69,19.2458,531.113
951,2050.29,17.5034,475.29
952,2061.87,19.2815,595.746
953,2054.86,17.1774,506.799
954,2042.22,19.5858,650.996
955,2044.5,17.1065,497.197
956,2052.47,18.5059,521.346
957,2035.46,18.0242,512.342
958,2028.44,19.4066,579.339
959,2047.76,17.5388,491.965
960,2059.17,14.0565,404.576
961,2037.61,16.4961,471.352
962,2047.06,14.8173,425.207
963,2044.29,15.347,452.036
964,2036.58,15.1519,417.629
965,2035.97,15.6222,454.336
966,2050.62,14.328,401.489
967,2047.42,15.4137,427.11
968,2023.3,14.7992,443.386
969,2047.07,17.262,529.912
970,2041.74,14.5797,420.386
971,2041.4,15.9613,469.343
972,2032.11,14.9854,453.581
973,2064.9,15.5381,446.872
974,2061.78,14.6416,418.303
975,2036.89,15.2364,443.526
976,2047.28,14.2336,412.927
977,2046.23,16.176,463.774
978,2026.25,15.3755,519.025
979,2036.2,15.8403,462.47
980,2036.28,14.5856,407.01
981,2048.71,15.7146,453.975
982,2055.14,14.1215,382.723
983,2044.63,15.9417,458.542
984,2045.63,14.993,425.925
985,2037.75,15.6081,455.69
986,2043.34,13.7718,404.44
987,2045.44,16.4862,471.888
988,2056.2,14.4826,406.823
989,2043.97,15.6257,441.83
990,2041.25,14.0022,386.911
991,2038.52,16.2628,467.668
992,2051.17,14.0506,403.176
993,2032.18,16.4023,463.016
994,2036.55,14.5667,409.206
995,2046.41,16.6635,469.967
996,2045.17,14.6759,409.957
997,2035.52,15.7705,450.77
998,2040.84,14.1358,397.239
999,2054.99,16.281,465.32
1000,2059.86,14.8324,415.361
1001,2032.57,16.152,459.706
1002,2054.51,14.1268,399.512
1003,2049.35,16.6781,469.509
1004,2061.41,14.4064,402.264
1005,2036.07,16.7518,473.377
1006,2045.04,14.0137,399.523
1007,2051.22,16.8161,470.313
1008,2056.06,17.7084,496.101
1009,2045.41,19.3659,552.881
1010,2043.35,17.2053,485.288
1011,2046.72,19.1874,549.195
1012,2040.01,17.5699,489.493
1013,2036.29,18.6985,543.557
1014,2056.43,17.8257,495.2
1015,2046.06,18.9161,537.982
1016,2044.77,17.8149,495.407
1017,2058.06,18.149,533.645
1018,2045.59,17.352,487.824
1019,2050.92,19.2828,557.366
1020,2034.05,17.6651,490.149
1021,2046.28,18.289,519.203
1022,2043.3,17.7264,500.253
1023,2047.92,19.3435,537.178
1024,0,-1,-1
1025,2046.34,16.3755,449.52
1026,0,-1,-1
1027,2042.44,16.7683,434.622
1028,0,-1,-1
1029,2049.72,16.0242,421.965
1030,0,-1,-1
1031,2043.9,16.2162,400.826
1032,0,-1,-1
1033,2050.13,16.7075,451.36
1034,0,-1,-1
1035,2051.78,16.4659,447.657
1036,0,-1,-1
1037,2033.12,16.8777,439.906
1038,0,-1,-1
1039,2049.99,16.4021,416.307
1040,0,-1,-1
1041,2033.38,18.7078,500.132
1042,0,-1,-1
1043,2045.43,19.8333,516.749
1044,0,-1,-1
1045,2048.11,18.3645,463.682
1046,0,-1,-1
1047,2039.45,18.6768,471.987
1048,0,-1,-1
1049,2015.57,20.664,546.049
1050,0,-1,-1
1051,2051.43,19.8916,528.229
1052,0,-1,-1
1053,2035.34,18.5334,505.795
1054,0,-1,-1
1055,2037.45,18.9569,500.548
1056,0,-1,-1
1057,2033.29,15.4885,409.494
1058,0,-1,-1
1059,2036.23,15.7399,412.044
1060,0,-1,-1
1061,2044.35,15.9174,415.28
1062,0,-1,-1
1063,2032.88,15.1999,368.647
1064,0,-1,-1
1065,2027.58,18.0467,541.265
1066,0,-1,-1
1067,2044.28,18.6796,538.033
1068,0,-1,-1
1069,2036.12,17.0939,482.59
1070,0,-1,-1
1071,2043.4,16.8171,493.778
1072,0,-1,-1
1073,2042.94,15.2272,376.772
1074,0,-1,-1
1075,2035.95,16.1103,401.532
1076,0,-1,-1
1077,2041.93,16.3845,413.917
1078,0,-1,-1
1079,2036.17,15.2431,357.375
1080,0,-1,-1
1081,2033.25,15.2974,441.424
1082,0,-1,-1
1083,2048.9,16.6753,466.297
1084,0,-1,-1
1085,2033.7,16.9656,458.712
1086,0,-1,-1
1087,2045.26,16.4339,439.36
1088,0,-1,-1
1089,2019.64,18.8963,508.992
1090,0,-1,-1
1091,2038.29,19.6434,499.696
1092,0,-1,-1
1093,2049.06,18.7878,504.473
1094,0,-1,-1
1095,2035.93,17.7377,462.219
1096,0,-1,-1
1097,2034.23,19.0713,498.95
1098,0,-1,-1
1099,2048.79,18.5913,497.048
1100,0,-1,-1
1101,2049.32,17.9159,481.351
1102,0,-1,-1
1103,2061.9,19.8223,505.146
1104,0,-1,-1
1105,2049.09,19.3162,522.07
1106,0,-1,-1
1107,2051.46,19.2594,515.654
1108,0,-1,-1
1109,2026.15,17.4259,467.727
1110,0,-1,-1
1111,2026.51,17.2513,465.709
1112,0,-1,-1
1113,2036.34,17.8502,529.919
1114,0,-1,-1
1115,2033.38,17.524,497.093
1116,0,-1,-1
1117,2042.02,17.9295,507.028
1118,0,-1,-1
1119,2035.98,18.037,538.011
1120,0,-1,-1
1121,2035.41,17.7072,477.108
1122,0,-1,-1
1123,2051.78,18.4573,507.154
1124,0,-1,-1
1125,2024.91,16.883,437.29
1126,0,-1,-1
1127,2061.04,16.9692,468.156
1128,0,-1,-1
1129,2046.96,17.8045,478.428
1130,0,-1,-1
1131,2036.98,18.0096,475.065
1132,0,-1,-1
1133,2036.17,17.8571,464.392
1134,0,-1,-1
1135,2043.97,17.9962,476.939
1136,0,-1,-1
1137,2041.21,21.6705,574.975
1138,0,-1,-1
1139,2043.04,20.085,554.348
1140,0,-1,-1
1141,2044.22,21.3914,557.914
1142,0,-1,-1
1143,2034.93,20.9399,552.253
1144,0,-1,-1
1145,2044.66,20.049,543.45
1146,0,-1,-1
1147,2038.84,20.4185,539.245
1148,0,-1,-1
1149,2033.31,20.4409,528.628
1150,0,-1,-1
1151,2039.76,19.9563,526.279
1152,0,-1,-1
1153,2024.51,15.5734,431.366
1154,0,-1,-1
1155,2044.46,16.6627,438.657
1156,0,-1,-1
1157,2039.31,15.4637,385.072
1158,0,-1,-1
1159,2047.66,14.6448,362.773
1160,0,-1,-1
1161,2050.01,15.8422,469.683
1162,0,-1,-1
1163,2048.42,15.9459,457.846
1164,0,-1,-1
1165,2059.48,15.8547,441.15
1166,0,-1,-1
1167,2033.46,16.7647,442.935
1168,0,-1,-1
1169,2030.69,18.0512,491.632
1170,0,-1,-1
1171,2038.4,17.7439,502.589
1172,0,-1,-1
1173,2033.76,17.259,457.155
1174,0,-1,-1
1175,2040.12,17.2496,446.417
1176,0,-1,-1
1177,2043.35,17.5558,480.386
1178,0,-1,-1
1179,2036.76,19.1336,510.71
1180,0,-1,-1
1181,2036.48,18.8379,493.355
1182,0,-1,-1
1183,2033.2,19.0236,498.417
1184,0,-1,-1
1185,2051.04,16.496,453.464
1186,0,-1,-1
1187,2048.74,17.0271,455.861
1188,0,-1,-1
1189,2035.81,16.8446,441.858
1190,0,-1,-1
1191,2058.56,16.2382,404.566
1192,0,-1,-1
1193,2050.62,16.8143,466.551
1194,0,-1,-1
1195,2044.63,16.7759,465.567
1196,0,-1,-1
1197,2041.94,18.0524,468.504
1198,0,-1,-1
1199,2041.03,18.0165,455.933
1200,0,-1,-1
1201,2036.37,19.8992,526.058
1202,0,-1,-1
1203,2046.18,17.8105,486.003
1204,0,-1,-1
1205,2041.06,17.9587,486.77
1206,0,-1,-1
1207,2037.25,17.6499,461.083
1208,0,-1,-1
1209,2047.61,19.3126,505.13
1210,0,-1,-1
1211,2054.39,17.6971,484.855
1212,0,-1,-1
1213,2038.76,19.2108,506.172
1214,0,-1,-1
1215,2029.75,17.4294,486.863
1216,0,-1,-1
1217,2052.24,18.2511,485.108
1218,0,-1,-1
1219,2036.47,18.4202,489.334
1220,0,-1,-1
1221,2054.67,19.9012,516.862
1222,0,-1,-1
1223,2049.65,17.9302,473.213
1224,0,-1,-1
1225,2042.48,19.3515,504.496
1226,0,-1,-1
1227,2030.18,17.1118,469.397
1228,0,-1,-1
1229,2027.36,16.4352,422.001
1230,0,-1,-1
1231,2047.35,16.9062,451.581
1232,0,-1,-1
1233,2028.08,16.9532,479.209
1234,0,-1,-1
1235,2036.84,17.4934,520.057
1236,0,-1,-1
1237,2041.33,16.9916,485.494
1238,0,-1,-1
1239,2035.21,18.6104,499.876
1240,0,-1,-1
1241,2031.18,16.4244,445.677
1242,0,-1,-1
1243,2031.15,17.6849,484.366
1244,0,-1,-1
1245,2065.2,17.2598,453.001
1246,0,-1,-1
1247,2040.7,16.9915,457.912
1248,0,-1,-1
1249,2039.38,19.7672,544.914
1250,0,-1,-1
1251,2056.27,19.3582,527.725
1252,0,-1,-1
1253,2055.77,19.0975,512.957
1254,0,-1,-1
1255,2038.26,19.6222,522.114
1256,0,-1,-1
1257,2054.34,20.0699,535.507
1258,0,-1,-1
1259,2028.07,20.0417,534.574
1260,0,-1,-1
1261,2050.01,19.9522,519.808
1262,0,-1,-1
1263,2051.37,19.9669,511.521
1264,0,-1,-1
1265,2054.15,18.9636,522.281
1266,0,-1,-1
1267,2043.3,20.2683,540.571
1268,0,-1,-1
1269,2052.19,19.8538,515.742
1270,0,-1,-1
1271,2052.25,19.5775,520.793
1272,0,-1,-1
1273,2036.86,20.1226,535.236
1274,0,-1,-1
1275,2058.16,21.2004,548.332
1276,0,-1,-1
1277,2037.98,20.9293,535.587
1278,0,-1,-1
1279,2032.81,21.0798,543.763
1280,0,-1,-1
1281,2030.11,15.5469,431.95
1282,0,-1,-1
1283,2039.35,15.1611,423.046
1284,0,-1,-1
1285,2051.83,15.9183,425.987
1286,0,-1,-1
1287,2048.34,15.1558,418.807
1288,0,-1,-1
1289,2048.84,15.3118,422.606
1290,0,-1,-1
1291,2046.52,15.5908,430.081
1292,0,-1,-1
1293,2037.1,15.5754,419.605
1294,0,-1,-1
1295,2048.98,15.6802,422.697
1296,0,-1,-1
1297,2066.25,17.2037,469.528
1298,0,-1,-1
1299,2046,17.937,479.164
1300,0,-1,-1
1301,2038.72,18.1866,488.988
1302,0,-1,-1
1303,2045.91,18.2467,487.116
1304,0,-1,-1
1305,2046.21,18.2672,480.54
1306,0,-1,-1
1307,2046.07,18.0853,485.205
1308,0,-1,-1
1309,2026.15,17.4587,472.244
1310,0,-1,-1
1311,2035.97,18.6296,489.857
1312,0,-1,-1
1313,2036.29,19.0483,504.518
1314,0,-1,-1
1315,2065.19,18.8376,502.044
1316,0,-1,-1
1317,2055.07,18.1219,482.22
1318,0,-1,-1
1319,2062.03,18.783,497.495
1320,0,-1,-1
1321,2063.49,18.3023,489.597
1322,0,-1,-1
1323,2043.88,18.126,485.263
1324,0,-1,-1
1325,2045.23,18.1288,480.054
1326,0,-1,-1
1327,2045.21,18.5409,481.541
1328,0,-1,-1
1329,2048.39,21.8658,593.807
1330,0,-1,-1
1331,2037.61,21.8549,590.786
1332,0,-1,-1
1333,2043.16,21.0162,570.116
1334,0,-1,-1
1335,2051.23,21.4881,564.392
1336,0,-1,-1
1337,2045.95,20.9793,536.303
1338,0,-1,-1
1339,2065.42,21.4091,580.138
1340,0,-1,-1
1341,2040.62,21.0558,538.461
1342,0,-1,-1
1343,2045.94,20.7738,523.093
1344,0,-1,-1
1345,2030.1,17.4781,480.846
1346,0,-1,-1
1347,2044.35,16.8711,462.108
1348,0,-1,-1
1349,2042.61,17.4356,465.078
1350,0,-1,-1
1351,2046.49,17.222,462.982
1352,0,-1,-1
1353,2044.95,16.27,447.019
1354,0,-1,-1
1355,2049.95,16.5128,453.824
1356,0,-1,-1
1357,2055.73,16.6948,487.713
1358,0,-1,-1
1359,2042.95,16.721,474.201
1360,0,-1,-1
1361,2038.32,17.9628,462.635
1362,0,-1,-1
1363,2038.82,17.2712,455.889
1364,0,-1,-1
1365,2043.38,17.0364,467.074
1366,0,-1,-1
1367,2038.56,17.7542,499.566
1368,0,-1,-1
1369,2046.02,17.4933,485.141
1370,0,-1,-1
1371,2041.72,16.6649,465.158
1372,0,-1,-1
1373,2046.85,17.31,473.979
1374,0,-1,-1
1375,2052.04,18.0459,500.63
1376,0,-1,-1
1377,2040.88,19.2522,576.135
1378,0,-1,-1
1379,2054.4,19.8449,578.122
1380,0,-1,-1
1381,2049.66,20.1395,608.334
1382,0,-1,-1
1383,2036.73,20.1832,623.638
1384,0,-1,-1
1385,2053.9,18.9604,525.56
1386,0,-1,-1
1387,2048.58,19.8745,527.099
1388,0,-1,-1
1389,2053.51,19.4503,534.867
1390,0,-1,-1
1391,2039.94,19.0855,539.56
1392,0,-1,-1
1393,2043.01,15.9323,436.376
1394,0,-1,-1
1395,2048.4,15.6999,428.154
1396,0,-1,-1
1397,2060.09,16.8489,457.174
1398,0,-1,-1
1399,2046.94,15.744,441.966
1400,0,-1,-1
1401,2060.74,15.7826,423.113
1402,0,-1,-1
1403,2051.86,15.3986,389.907
1404,0,-1,-1
1405,2046.74,15.8104,436.125
1406,0,-1,-1
1407,2043.01,15.7506,444.325
1408,0,-1,-1
1409,2043.14,20.1121,528.802
1410,0,-1,-1
1411,2045.65,19.6852,508.148
1412,0,-1,-1
1413,2040.68,19.6322,526.788
1414,0,-1,-1
1415,2058.39,19.714,537.816
1416,0,-1,-1
1417,2045.85,19.7325,507.854
1418,0,-1,-1
1419,2056.65,19.7639,506.369
1420,0,-1,-1
1421,2039.48,19.8029,516.418
1422,0,-1,-1
1423,2030.95,19.448,523.861
1424,0,-1,-1
1425,2038.94,18.0019,495.081
1426,0,-1,-1
1427,2035.29,17.8622,472.916
1428,0,-1,-1
1429,2051.14,18.4522,508.564
1430,0,-1,-1
1431,2054.83,18.2732,504.299
1432,0,-1,-1
1433,2024.2,17.4407,442.817
1434,0,-1,-1
1435,2051.86,17.6849,466.244
1436,0,-1,-1
1437,2056.38,18.4289,501.091
1438,0,-1,-1
1439,2045.3,18.0272,498.313
1440,0,-1,-1
1441,2045.37,16.7276,418.033
1442,0,-1,-1
1443,2030.69,17.4837,452.855
1444,0,-1,-1
1445,2038.62,17.4719,486.085
1446,0,-1,-1
1447,2052.78,17.9233,515.037
1448,0,-1,-1
1449,2045.07,17.6923,448.427
1450,0,-1,-1
1451,2044.65,17.3659,454.275
1452,0,-1,-1
1453,2040.78,17.7731,469.737
1454,0,-1,-1
1455,2053.06,17.8366,481.368
1456,0,-1,-1
1457,2058.44,19.0847,464.283
1458,0,-1,-1
1459,2047.61,19.3643,485.469
1460,0,-1,-1
1461,2039.08,20.2843,532.728
1462,0,-1,-1
1463,2040.13,19.781,529.537
1464,0,-1,-1
1465,2042.41,19.1917,435.178
1466,0,-1,-1
1467,2058.17,19.3606,479.128
1468,0,-1,-1
1469,2044.21,19.5251,487.365
1470,0,-1,-1
1471,2045.06,19.5867,507.524
1472,0,-1,-1
1473,2045.18,18.38,485.233
1474,0,-1,-1
1475,2059.62,18.5475,495.427
1476,0,-1,-1
1477,2060.19,18.8813,487.91
1478,0,-1,-1
1479,2033.66,18.4656,482.392
1480,0,-1,-1
1481,2047.34,18.3453,469.115
1482,0,-1,-1
1483,2050.23,18.1487,457.192
1484,0,-1,-1
1485,2057.23,19.0374,493.369
1486,0,-1,-1
1487,2035.3,18.3724,476.713
1488,0,-1,-1
1489,2055.78,19.7535,509.716
1490,0,-1,-1
1491,2043.76,20.1078,520.867
1492,0,-1,-1
1493,2046.94,20.4806,533.779
1494,0,-1,-1
1495,2046.44,19.7768,523.782
1496,0,-1,-1
1497,2053.68,20.1508,499.161
1498,0,-1,-1
1499,2049.23,20.4538,526.837
1500,0,-1,-1
1501,2016.16,20.6312,535.651
1502,0,-1,-1
1503,2047.36,20.5964,541.583
1504,0,-1,-1
1505,2050.38,18.7782,484.291
1506,0,-1,-1
1507,2059,19.4243,505.144
1508,0,-1,-1
1509,2043.82,19.4611,505.44
1510,0,-1,-1
1511,2043.63,19.0048,499.257
1512,0,-1,-1
1513,2031.01,18.6679,477.925
1514,0,-1,-1
1515,2045.13,19.0621,493.703
1516,0,-1,-1
1517,2034.99,19.5984,512.029
1518,0,-1,-1
1519,2037.05,19.4742,515.136
1520,0,-1,-1
1521,2048.79,19.5757,513.145
1522,0,-1,-1
1523,2046.94,20.8699,549.881
1524,0,-1,-1
1525,2056.48,21.3995,547.635
1526,0,-1,-1
1527,2047.91,20.6408,549.373
1528,0,-1,-1
1529,2048.74,21.4395,543.005
1530,0,-1,-1
1531,2041.33,20.2823,540.572
1532,0,-1,-1
1533,2034.03,20.8117,546.415
1534,0,-1,-1
1535,2031.19,21.1752,564.122
1536,2037.25,16.5745,483.225
1537,2054.01,18.407,564.06
1538,2058.53,15.9233,448.639
1539,2038.71,19.5592,599.663
1540,2040.68,15.8367,423.368
1541,2050.24,19.8793,592.739
1542,2033.41,15.4534,388.084
1543,2036.65,18.2684,478.305
1544,2047.07,17.2703,503.598
1545,2052.12,19.2198,579.532
1546,2057.97,17.3165,539.243
1547,2044.45,19.3056,623.853
1548,2048.19,16.1039,441.508
1549,2043.19,19.0497,535.853
1550,2045.32,16.9112,468.717
1551,2040.9,19.2984,555.431
1552,2055.82,19.0765,551.324
1553,2026.06,19.7625,621.319
1554,2061.08,18.6471,547.154
1555,2034.69,20.1287,621.55
1556,2044.66,19.3534,542.87
1557,2039.32,19.5535,582.768
1558,2052.29,19.5839,517.018
1559,2045.62,19.308,548.461
1560,2033.13,19.5303,560.728
1561,2064.32,19.9988,620.305
1562,2048.38,18.9598,548.581
1563,2047.3,19.456,555.518
1564,2034.71,19.4847,546.48
1565,2039.94,19.7639,561.111
1566,2056.19,19.2024,534.885
1567,2055.74,19.1712,551.135
1568,2050.4,16.0154,472.44
1569,2034.73,19.3875,540.876
1570,2041.77,16.2177,479.323
1571,2057.57,17.2378,496.732
1572,2053.85,15.2978,433.721
1573,2051.9,17.7496,509.96
1574,2042.27,16.4564,441.429
1575,2053.96,18.2926,460.807
1576,2037.34,16.1519,488.832
1577,2035.62,18.5642,523.048
1578,2057.73,18.0378,522.299
1579,2048.06,18.297,521.534
1580,2046.33,15.8777,455.852
1581,2047.9,17.9169,513.589
1582,2052.55,15.5195,455.225
1583,2060.14,17.7007,508.178
1584,2032.55,17.4233,517.152
1585,2034.27,17.2015,493.753
1586,2033.36,17.4117,517.053
1587,2050.27,17.5175,499.261
1588,2045.21,17.4332,508.319
1589,2047.57,17.3525,494.934
1590,2029.03,17.2848,488.289
1591,2046.25,18.4165,514.41
1592,2048.49,19.0052,542.275
1593,2047.88,19.1385,523.135
1594,2053.27,17.2833,514.277
1595,2041.49,17.7065,499.779
1596,2046.08,19.1744,527.306
1597,2066.85,19.3769,530.904
1598,2058.93,17.8858,497.985
1599,2054.07,16.9673,494.098
1600,2049.65,16.7051,493.116
1601,2033.65,17.6223,513.752
1602,2041.67,16.4312,486.939
1603,2064.04,18.0552,508.777
1604,2051.26,16.13,474.361
1605,2043.22,17.9875,504.695
1606,2041.5,16.3357,449.937
1607,2074.68,17.3609,470.952
1608,2050.77,16.624,491.322
1609,2022.16,18.4809,522.866
1610,2056.88,16.75,491.818
1611,2042.62,17.8651,514.748
1612,2046.63,15.3545,434.179
1613,2058.06,17.658,496.935
1614,2034.09,16.7104,490.671
1615,2043.61,17.7083,504.8
1616,2056.02,16.835,499.803
1617,2039.73,20.3222,581.289
1618,2037.15,17.2686,515.511
1619,2035.7,18.814,546.508
1620,2038.92,16.6256,490.863
1621,2052.75,18.0453,525.127
1622,2049.89,19.274,534.797
1623,2029.5,18.0641,516.361
1624,2053.74,17.9686,519.677
1625,2047.44,18.9321,543.703
1626,2043.61,19.1575,541.252
1627,2041.8,19.5892,557.918
1628,2057.18,17.1615,503.935
1629,2057.94,20.2762,565.883
1630,2039.68,17.2544,507.48
1631,2035.01,19.2269,539.52
1632,2042.24,20.8981,604.715
1633,2058.44,18.6701,515.259
1634,2045.86,20.7369,589.487
1635,2046.58,19.1449,522.593
1636,2059.97,20.611,600.917
1637,2050.52,18.6815,497.671
1638,2042.41,21.5272,599.989
1639,2037.45,16.414,441.339
1640,2047.35,21.0419,594.887
1641,2067.03,18.9527,518.629
1642,2042.66,19.5419,577.896
1643,2045.47,18.8367,513.529
1644,2053.32,19.6059,580.509
1645,2049.45,19.3443,513.923
1646,2057.54,20.5892,580.113
1647,2056.24,18.8561,510.676
1648,2043.78,19.7408,558.344
1649,2042.53,20.0057,569.441
1650,2058.73,18.3455,545.018
1651,2031.56,20.0284,571.35
1652,2026.94,20.6108,568.612
1653,2043.19,20.0899,569.047
1654,2043.03,18.0363,526.45
1655,2053.6,19.4343,551.488
1656,2050.41,20.3317,580.122
1657,2052.14,19.4638,566.627
1658,2047.41,20.0379,571.097
1659,2069.43,18.6725,548.948
1660,2054.09,19.2492,551.453
1661,2056.51,19.5048,562.136
1662,2047.43,19.5787,557.174
1663,2036.91,18.4731,545.489
1664,2060.29,19.6443,565.27
1665,2058.86,20.1741,563.496
1666,2042.9,19.3849,554.857
1667,2046.58,18.9011,522.392
1668,2037.32,20.0947,563.084
1669,2044,20.4176,538.493
1670,2054.09,18.9764,486.991
1671,2050.89,17.8574,441.233
1672,2041.47,19.4459,556.673
1673,2057.51,20.241,553.06
1674,2051.12,20.1966,575.618
1675,2051.76,18.6863,533.918
1676,2052.19,19.2232,535.425
1677,2041.14,18.8767,518.016
1678,2050.44,19.8861,573.161
1679,2047.52,18.2321,499.496
1680,2045.21,18.6925,532.112
1681,2040.43,21.1259,590.033
1682,2044.14,19.3394,545.238
1683,2042.29,21.022,583.631
1684,2054.16,19.1141,541.674
1685,2051.1,20.6149,562.859
1686,2071.28,19.242,541.392
1687,2047.09,20.3358,550.842
1688,2043.59,19.5315,562.025
1689,2038.25,20.9049,576.398
1690,2040.11,19.1162,542.63
1691,2029.04,18.2605,535.668
1692,2049.14,18.9112,537.479
1693,2043.27,20.5987,545.933
1694,2061.6,19.2962,534.455
1695,2045.3,18.3904,522.084
1696,2045.06,17.6241,501.125
1697,2043.15,19.6956,565.556
1698,2031.09,17.7698,492.15
1699,2047.11,19.2968,558.61
1700,2043.11,17.6202,487.175
1701,2055.03,18.7064,508.348
1702,2049.26,17.0532,423.366
1703,2040.35,19.0664,536.289
1704,2036.1,17.0286,489.081
1705,2058.33,19.4897,566.284
1706,2061.87,17.496,502.37
1707,2049.2,19.8791,574.904
1708,2050.27,17.5467,481.297
1709,2057.46,19.276,551.262
1710,2044.02,16.5096,462.917
1711,2060.16,19.2557,557.611
1712,2038.89,19.2927,556.534
1713,2038.67,17.2869,484.517
1714,2048.3,19.9686,575.3
1715,2028.8,16.9796,480.878
1716,2061.06,18.7462,506.789
1717,2033.16,17.124,472
1718,2043.62,19.1132,533.217
1719,2047.32,18.0711,468.165
1720,2064.14,20.0774,564.678
1721,2039.13,20.4165,539.971
1722,2037.59,20.0002,566.697
1723,2034.83,19.1611,514.236
1724,2053.47,20.5957,570.608
1725,2051.45,20.7403,542.743
1726,2068.19,20.37,573.789
1727,2051.88,19.3358,506.135
1728,2043.67,18.0643,515.345
1729,2042.76,20.4536,573.912
1730,2048.2,18.399,518.176
1731,2044.86,19.6736,566.691
1732,2059.56,19.2441,526.282
1733,2041.9,18.8831,548.296
1734,2052.4,18.885,526.275
1735,2046.62,19.6809,554.927
1736,2047.08,19.0095,533.311
1737,2055.11,21.0878,602.338
1738,2050.99,18.4154,523.016
1739,2040.84,22.0154,609.603
1740,2037.68,18.8404,521.81
1741,2059.57,21.5235,588.962
1742,2043.42,18.5506,519.777
1743,2043.7,22.5253,614.577
1744,2060.23,19.1412,564.647
1745,2046.84,18.1948,518.866
1746,2045.74,19.3321,586.528
1747,2048.03,17.4377,513.957
1748,2037.36,19.3926,542.658
1749,2063.16,17.3391,500.296
1750,2039.74,19.1232,540.364
1751,2061.56,19.8358,531.94
1752,2041.77,19.9563,586.238
1753,2046.51,19.1113,534.315
1754,2036.89,19.4585,561.271
1755,2054.07,19.0812,540.017
1756,2035.11,19.9225,549.169
1757,2055.47,18.8158,525.349
1758,2056.34,20.581,568.547
1759,2049.01,18.9354,521.369
1760,2062.62,20.1719,563.828
1761,2041.29,16.4647,478.066
1762,2053.83,19.9816,556.491
1763,2044.91,16.6573,486.756
1764,2045.95,18.9429,540.369
1765,2043.61,16.4249,455.829
1766,2040.85,19.1148,538.042
1767,2061.41,18.4604,497.667
1768,2045.64,20.0361,561.509
1769,2062.29,18.1509,516.402
1770,2052.45,20.8763,587.876
1771,2059.18,18.2493,517.908
1772,2040.86,19.4324,542.356
1773,2063.5,18.1378,510.097
1774,2056.68,19.3183,546.821
1775,2033.49,17.3683,488.405
1776,2045.72,16.7941,482.937
1777,2055.37,18.9072,541.324
1778,2044.9,14.9829,442.243
1779,2053.24,17.8986,524.43
1780,2037.85,15.2157,437.875
1781,2032.05,17.0598,492.003
1782,2036.93,15.5348,445.012
1783,2042.11,18.2078,502.294
1784,2055.16,15.5349,468.265
1785,2056.02,19.1811,537.24
1786,2058.22,15.4237,462.527
1787,2036.07,19.5801,547.53
1788,2040.12,15.4207,441.814
1789,2041.66,19.4448,535.998
1790,2045.18,15.6913,447.226
1791,2066.98,18.4234,521.776
1792,2050.03,19.5013,563.508
1793,2049.27,16.8138,477.416
1794,2049.85,19.3086,530.212
1795,2052.84,16.4214,445.769
1796,2030.75,19.4978,532.232
1797,2070.48,16.4225,427.462
1798,2047.93,18.7679,473.36
1799,2042.47,16.4228,387.65
1800,2044.88,19.232,553.149
1801,2054.84,16.9078,484.633
1802,2060.93,19.8329,573.422
1803,2042.84,17.522,494.443
1804,2061.24,19.3058,520.894
1805,2054.9,16.8306,480.779
1806,2046.77,18.669,498.889
1807,2050.97,16.6634,455.404
1808,2054.6,18.6093,543.33
1809,2044.07,19.3489,555.95
1810,2039.08,18.6839,546.962
1811,2047.91,18.8791,544.167
1812,2042.97,18.8602,541.551
1813,2038.38,18.6999,527.059
1814,2042.03,19.4844,523.133
1815,2060.47,18.6683,497.811
1816,2045.32,20.0643,569.979
1817,2055.19,19.8782,578.926
1818,2051.7,19.7449,568.19
1819,2054.49,19.8164,560.117
1820,2046.77,20.3285,561.133
1821,2072.61,19.4144,530.843
1822,2053.71,19.1745,536.949
1823,2036.79,18.8562,535.023
1824,2038.03,18.9955,570.287
1825,2048.73,19.3394,551.278
1826,2044.87,19.2449,568.045
1827,2054.57,18.571,536.467
1828,2035.26,18.6534,511.85
1829,2056.88,19.2625,538.486
1830,2050.18,17.6747,490.345
1831,2048.55,18.5998,524.124
1832,2038.95,17.577,569.868
1833,2052.96,19.8133,564.356
1834,2052.95,19.4503,613.921
1835,2040.66,20.002,562.403
1836,2042.6,18.3087,540.137
1837,2045.41,19.0607,546.663
1838,2044.28,17.2241,471.341
1839,2050.29,18.0544,511.813
1840,2053.38,17.8943,510.597
1841,2049.52,19.4227,577.088
1842,2051.39,17.3897,499.949
1843,2036.27,19.2759,565.455
1844,2037.86,17.6772,489.263
1845,2049.7,20.2202,575.1
1846,2032.49,17.4878,461.753
1847,2050.11,19.5303,543.398
1848,2059.39,17.4692,493.278
1849,2047.35,18.6306,550.672
1850,2061.38,17.3111,506.519
1851,2033.93,19.7274,569.329
1852,2046.31,18.2108,509.933
1853,2055.17,18.7605,550.797
1854,2053.91,17.6622,488.655
1855,2037.57,19.9332,552.101
1856,2055,20.0446,584.408
1857,2034.72,18.7847,545.669
1858,2048.48,20.8778,597.515
1859,2043.24,18.9727,573.629
1860,2063.39,20.5648,583.905
1861,2053.35,19.6403,562.353
1862,2059.62,19.7744,572.268
1863,2052.39,19.2102,541.873
1864,2042.77,21.0255,601.941
1865,2051.67,19.6936,617.536
1866,2043.32,19.6778,587.836
1867,2035.34,19.5283,569.505
1868,2059.96,19.6402,566.828
1869,2038.08,19.2891,563.353
1870,2041.72,19.9964,582.943
1871,2056.9,19.4219,576.381
1872,2029.3,17.8567,530.335
1873,2060.81,16.8179,507.266
1874,2057.23,17.6126,521.918
1875,2035.48,16.5443,486.496
1876,2054.09,17.8355,513.861
1877,2057.19,16.4324,467.956
1878,2049.57,18.0786,527.283
1879,2053.65,15.3312,441.06
1880,2055.88,18.69,558.119
1881,2052.95,16.4826,481.328
1882,2046.48,19.5658,583.86
1883,2049.18,16.4128,488.586
1884,2038.99,18.8414,559.463
1885,2050.21,15.3461,442.71
1886,2063.46,19.8281,565.15
1887,2047.59,16.5032,472.723
1888,2044.24,18.2473,540.505
1889,2033,19.9889,575.927
1890,2057.09,18.5631,545.58
1891,2031.78,19.6773,574.715
1892,2036.86,18.124,514.948
1893,2032.34,19.2127,556.081
1894,2039.27,19.3339,542.491
1895,2050.95,19.8621,563.495
1896,2043.76,20.3455,574.2
1897,2055.64,19.4164,569.337
1898,2062.69,21.0809,591.533
1899,2054.13,19.8702,585.177
1900,2054.21,19.0476,561.502
1901,2060.41,19.802,566.669
1902,2048.5,20.3642,563.411
1903,2050.93,19.4016,562.017
1904,2038.65,20.3134,577.496
1905,2045.35,18.616,537.812
1906,2052.44,21.2772,596.902
1907,2037.45,18.2931,522.822
1908,2030.01,20.0906,568.007
1909,2047.85,18.4388,531.944
1910,2048.03,20.2213,563.295
1911,2036.92,17.5521,505.837
1912,2032.07,20.0964,560.576
1913,2038.56,17.5389,511.549
1914,2028.35,20.2655,576.576
1915,2053.04,17.8571,527.18
1916,2039.96,21.1953,576.681
1917,2054.47,17.8435,511.882
1918,2047.74,20.9017,578.661
1919,2053.23,17.8503,511.145
1920,2035.46,18.8353,536.074
1921,2044.24,18.2194,531.235
1922,2041.46,18.9023,522.166
1923,2035.25,18.5015,527.772
1924,2055.82,18.8152,542.814
1925,2058.36,18.0279,489.518
1926,2042.43,17.7943,441.778
1927,2050.82,19.3847,461.543
1928,2029.31,17.0881,520.106
1929,2050.44,19.0472,537.763
1930,2075.93,18.7993,548.942
1931,2050.31,18.4768,535.738
1932,2045.23,19.0238,535.093
1933,2048.4,19.8392,514.543
1934,2053.66,18.1375,487.665
1935,2049.45,18.2023,488.771
1936,2048.49,15.496,478.873
1937,2050.45,15.9769,471.058
1938,2043.46,17.3717,517.648
1939,2047.87,16.5897,501.99
1940,2051.46,17.6517,497.119
1941,2040.9,18.2886,511.368
1942,2039.74,16.7747,443.96
1943,2060.34,15.7423,433.472
1944,2039.88,18.8297,606.237
1945,2046.73,16.6621,507.198
1946,2028.58,18.4336,592.923
1947,2060.37,18.5046,537.685
1948,2036.72,17.9807,546.975
1949,2055.45,16.5896,457.342
1950,2040.01,17.4512,493.681
1951,2065.45,16.1571,480.654
1952,2047.72,17.2207,562.732
1953,2040.84,22.3778,638.177
1954,2048.15,16.9685,527.493
1955,2045.03,22.063,631.986
1956,2043.56,15.9822,461.516
1957,2053.2,21.3706,599.893
1958,2030.54,16.4204,453.146
1959,2059.61,21.0314,587.292
1960,2035.97,17.2229,513.211
1961,2045.77,20.9591,624.808
1962,2056.39,17.673,533.127
1963,2056.67,22.59,658.504
1964,2039.08,17.4033,506.124
1965,2043.43,21.6539,615.988
1966,2062.59,16.5737,455.776
1967,2044.07,22.1336,632.624
1968,2040.81,17.2504,520.408
1969,2058.06,18.5823,527.07
1970,2042.94,16.4137,492.114
1971,2053.73,17.9334,509.282
1972,2046.68,17.1856,492.436
1973,2044.74,17.1377,485.95
1974,2054.36,17.2698,485.705
1975,2031.48,18.0737,487.937
1976,2032.69,18.0227,540.202
1977,2052.71,18.5033,514.419
1978,2040.76,18.4576,536.243
1979,2045.41,18.4359,509.747
1980,2043.88,17.8525,520.763
1981,2037.27,17.8553,480.828
1982,2031.7,18.3037,519.552
1983,2042.14,18.0813,499.621
1984,2051.12,18.2352,537.419
1985,2038.7,18.2837,533.405
1986,2037.96,18.6645,541.227
1987,2029.24,18.5606,537.106
1988,2032.16,18.4787,523.498
1989,2049.81,17.8318,508.387
1990,2044.55,18.5699,518.202
1991,2037.13,19.1519,534.633
1992,2034.47,18.6681,530.202
1993,2033.96,18.628,552.7
1994,2047.21,17.9724,525.376
1995,2030.33,18.66,554.985
1996,2025.85,17.9709,519.062
1997,2055.54,18.7923,528.025
1998,2049.63,18.6302,524.287
1999,2037.44,18.1985,513.437
2000,2052.51,16.0869,478.594
2001,2056.67,20.5335,582.281
2002,2052.83,16.3073,481.475
2003,2031.65,20.5354,584.028
2004,2041.04,15.9942,466.361
2005,2055.34,19.9968,563.689
2006,2043.92,15.81,466.725
2007,2047.22,20.6968,568.702
2008,2046.03,17.1148,497.449
2009,2062.31,19.3265,598.53
2010,2043.05,17.1348,504.626
2011,2065.23,19.2233,576.262
2012,2047.84,17.2271,490.132
2013,2047.99,20.429,580.718
2014,2052.22,17.5147,501.768
2015,2054.63,18.9363,565.286
2016,2047.74,18.6354,552.755
2017,2053.98,19.6621,599.816
2018,2037.03,18.0277,544.506
2019,2046.01,18.3943,529.203
2020,2053.09,17.4033,527.999
2021,2060.14,19.7215,568.093
2022,2037.58,17.659,525.206
2023,2045.64,17.8457,507.81
2024,2041.15,17.6192,532.603
2025,2065.79,18.6865,536.679
2026,2039.09,17.8443,544.042
2027,2042.8,18.2705,523.934
2028,2044.58,17.7301,524.119
2029,2041.8,18.8151,536.061
2030,2042.84,17.599,514.316
2031,2052.13,18.3282,511.345
2032,2044.96,18.7412,538.198
2033,2038.46,19.451,612.496
2034,2051.57,17.1616,507.628
2035,2035.51,19.2892,580.607
2036,2031.47,17.186,503.152
2037,2054.81,19.3293,561.217
2038,2051.52,17.6628,514.556
2039,2049.42,18.6548,544.047
2040,2047.05,19.015,538.775
2041,2046.93,18.1467,537.391
2042,2038.14,18.4984,534.632
2043,2041.69,18.3908,541.505
2044,2053.54,17.1165,507.695
2045,2057.21,18.9039,547.249
2046,2043.95,17.2315,488.236
2047,2049.07,18.4023,535.063
2048,2044.59,17.9465,498.343
2049,0,-1,-1
2050,2040.96,16.7623,439.132
2051,0,-1,-1
2052,2065.23,16.6265,436.507
2053,0,-1,-1
2054,2048.68,16.69,395.835
2055,0,-1,-1
2056,2040.17,18.8179,522.013
2057,0,-1,-1
2058,2045.28,17.9335,497.925
2059,0,-1,-1
2060,2044.94,16.9319,471.296
2061,0,-1,-1
2062,2039.85,17.5109,479.705
2063,0,-1,-1
2064,2052.14,17.6401,497.894
2065,0,-1,-1
2066,2033.93,18.5175,506.019
2067,0,-1,-1
2068,2045.4,25.9515,939.932
2069,0,-1,-1
2070,2043.29,18.1912,494.133
2071,0,-1,-1
2072,2042.83,15.7886,438.027
2073,0,-1,-1
2074,2047.91,15.9917,447.279
2075,0,-1,-1
2076,2053.93,16.3766,440.497
2077,0,-1,-1
2078,2049.09,16.7547,457.557
2079,0,-1,-1
2080,2045.26,17.9389,506.024
2081,0,-1,-1
2082,2060.06,17.1937,491.882
2083,0,-1,-1
2084,2049.89,17.6417,488.049
2085,0,-1,-1
2086,2048.21,18.4855,512.719
2087,0,-1,-1
2088,2053.39,18.2273,505.784
2089,0,-1,-1
2090,2053.4,18.3043,511.596
2091,0,-1,-1
2092,2052.77,17.9266,493.662
2093,0,-1,-1
2094,2046.4,17.5202,498.247
2095,0,-1,-1
2096,2045.51,18.9747,539.549
2097,0,-1,-1
2098,2036.76,19.7076,539.801
2099,0,-1,-1
2100,2052.27,20.4065,554.657
2101,0,-1,-1
2102,2050.36,18.9163,528.529
2103,0,-1,-1
2104,2044.21,18.5042,521.747
2105,0,-1,-1
2106,2030.97,17.1466,486.296
2107,0,-1,-1
2108,2034.1,17.8501,490.366
2109,0,-1,-1
2110,2040.16,18.2002,508.799
2111,0,-1,-1
2112,2053.15,18.691,498.359
2113,0,-1,-1
2114,2051.44,17.9664,484.769
2115,0,-1,-1
2116,2043.18,17.3122,466.792
2117,0,-1,-1
2118,2038.28,18.7805,477.14
2119,0,-1,-1
2120,2036.98,18.0398,495.084
2121,0,-1,-1
2122,2048.98,17.772,478.055
2123,0,-1,-1
2124,2055.25,17.0295,464.073
2125,0,-1,-1
2126,2030.58,18.0771,470.559
2127,0,-1,-1
2128,2041.8,18.4559,527.465
2129,0,-1,-1
2130,2051.44,18.3281,523.214
2131,0,-1,-1
2132,2038.41,19.4806,540.558
2133,0,-1,-1
2134,2055.84,18.9829,524.317
2135,0,-1,-1
2136,2057.84,17.0457,483.927
2137,0,-1,-1
2138,2060.2,16.5281,471.832
2139,0,-1,-1
2140,2047.29,15.9626,455.07
2141,0,-1,-1
2142,2054.04,16.6702,472.934
2143,0,-1,-1
2144,2037.19,15.3253,439.435
2145,0,-1,-1
2146,2039.77,15.0198,430.36
2147,0,-1,-1
2148,2057.96,15.2232,426.037
2149,0,-1,-1
2150,2043.25,15.4401,432.432
2151,0,-1,-1
2152,2062.24,18.3177,512.736
2153,0,-1,-1
2154,2063.29,17.6579,500.873
2155,0,-1,-1
2156,2045.89,17.8383,496.338
2157,0,-1,-1
2158,2053.69,16.8411,477.149
2159,0,-1,-1
2160,2047.25,17.9411,501.043
2161,0,-1,-1
2162,2047.05,18.512,515.143
2163,0,-1,-1
2164,2040.36,18.2407,509.087
2165,0,-1,-1
2166,2053.67,17.9784,497.288
2167,0,-1,-1
2168,2045.62,17.8628,489.951
2169,0,-1,-1
2170,2036.6,15.8173,463.821
2171,0,-1,-1
2172,2038.48,18.31,503.105
2173,0,-1,-1
2174,2041.25,17.467,492.255
2175,0,-1,-1
2176,2034.39,16.6819,462.076
2177,0,-1,-1
2178,2052.18,15.5635,437.979
2179,0,-1,-1
2180,2058.12,14.8967,387.313
2181,0,-1,-1
2182,2044.65,15.7951,399.934
2183,0,-1,-1
2184,2051.88,15.2082,438.296
2185,0,-1,-1
2186,2044.32,14.3032,424.501
2187,0,-1,-1
2188,2055.16,14.8474,396.074
2189,0,-1,-1
2190,2048.03,14.1939,372.676
2191,0,-1,-1
2192,2053.31,16.7857,481.908
2193,0,-1,-1
2194,2053.97,16.3687,475.082
2195,0,-1,-1
2196,2046.45,16.1641,439.553
2197,0,-1,-1
2198,2049.54,15.9911,430.221
2199,0,-1,-1
2200,2042.24,17.193,507.555
2201,0,-1,-1
2202,2042.71,18.085,520.22
2203,0,-1,-1
2204,2064.8,17.2963,510.421
2205,0,-1,-1
2206,2049.11,18.701,527.684
2207,0,-1,-1
2208,2037.87,17.6916,512.236
2209,0,-1,-1
2210,2057.57,17.1535,506.57
2211,0,-1,-1
2212,2048.08,17.1782,468.458
2213,0,-1,-1
2214,2043.87,16.4574,425.657
2215,0,-1,-1
2216,2049.85,18.4943,539.872
2217,0,-1,-1
2218,2020.35,17.9631,534.471
2219,0,-1,-1
2220,2051.25,17.3308,493.49
2221,0,-1,-1
2222,2054.09,18.8328,548.753
2223,0,-1,-1
2224,2042.05,16.9812,482.617
2225,0,-1,-1
2226,2040.53,16.932,486.071
2227,0,-1,-1
2228,2046.1,15.9222,436.071
2229,0,-1,-1
2230,2048.55,16.6767,470.893
2231,0,-1,-1
2232,2054.85,15.8052,458.143
2233,0,-1,-1
2234,2048.39,16.1918,467.472
2235,0,-1,-1
2236,2037.72,15.8482,443.257
2237,0,-1,-1
2238,2046.91,16.0767,448.418
2239,0,-1,-1
2240,2042.22,18.5349,527.964
2241,0,-1,-1
2242,2032.65,19.3953,551.515
2243,0,-1,-1
2244,2044.32,18.8406,528.038
2245,0,-1,-1
2246,2050.52,-1,-1
2247,0,-1,-1
2248,2050.1,17.9615,513.296
2249,0,-1,-1
2250,2052.29,18.6089,530.538
2251,0,-1,-1
2252,2054.89,17.6796,512.036
2253,0,-1,-1
2254,2056.23,18.2041,515.08
2255,0,-1,-1
2256,2048.86,16.3669,473.078
2257,0,-1,-1
2258,2041.79,18.2649,507.386
2259,0,-1,-1
2260,2036,17.4381,494.49
2261,0,-1,-1
2262,2032.24,17.5233,494.37
2263,0,-1,-1
2264,2059.01,19.8476,550.388
2265,0,-1,-1
2266,2039,19.9364,552.728
2267,0,-1,-1
2268,2034.06,20.2575,558.642
2269,0,-1,-1
2270,2045.45,19.6126,548.369
2271,0,-1,-1
2272,2049.46,17.9093,498.179
2273,0,-1,-1
2274,2054.32,16.3635,475.409
2275,0,-1,-1
2276,2045.74,16.4438,477.328
2277,0,-1,-1
2278,2057.61,17.3199,482.698
2279,0,-1,-1
2280,2044.59,18.6221,525.842
2281,0,-1,-1
2282,2036.31,17.6067,516.217
2283,0,-1,-1
2284,2026.09,18.5737,522.603
2285,0,-1,-1
2286,2044.46,17.7928,510.168
2287,0,-1,-1
2288,2050.47,17.8563,500.205
2289,0,-1,-1
2290,2051.82,17.2194,484.309
2291,0,-1,-1
2292,2047.06,18.1318,496.886
2293,0,-1,-1
2294,2049.3,16.9887,487.198
2295,0,-1,-1
2296,2034.11,15.7918,451.148
2297,0,-1,-1
2298,2043.37,15.0146,431.495
2299,0,-1,-1
2300,2052.41,15.317,429.582
2301,0,-1,-1
2302,2059.42,16.0763,449.305
2303,0,-1,-1
