TABLE CalEnergyCalib
0,0.0410526
1,0.0392241
2,0.0410526
3,0.0538532
4,0.042346
5,0.0490172
6,0.0426158
7,0.0423774
8,0.0374392
9,0.0349742
10,0.0418953
11,0.0385825
12,0.0376783
13,0.0462738
14,0.0410526
15,0.0505459
16,0.0367532
17,0.0375876
18,0.0437244
19,0.0388236
20,0.0427917
21,0.0441979
22,0.0495282
23,0.0481
24,0.0403511
25,0.0397314
26,0.0379845
27,0.0406934
28,0.0497129
29,0.0479639
30,0.0405819
31,0.0422485
32,0.0410526
33,0.0367776
34,0.0410526
35,0.0363181
36,0.0410694
37,0.0533006
38,0.0452694
39,0.0412507
40,0.040299
41,0.0445325
42,0.0446987
43,0.0384549
44,0.0411548
45,0.0414886
46,0.0400753
47,0.0392542
48,0.0406124
49,0.0435872
50,0.03878
51,0.0404285
52,0.0362522
53,0.0333283
54,0.036414
55,0.0358802
56,0.0460066
57,0.0405655
58,0.0357686
59,0.0337064
60,0.0424403
61,0.0405227
62,0.0416571
63,0.0412057
64,0.0448712
65,0.0488269
66,0.0433341
67,0.0511509
68,0.0432021
69,0.0427743
70,0.0410526
71,0.0453618
72,0.0410526
73,0.0445395
74,0.0410526
75,0.0341594
76,0.0496167
77,0.0447868
78,0.0427396
79,0.0372128
80,0.0385691
81,0.0389075
82,0.0372114
83,0.0410526
84,0.0410526
85,0.0404752
86,0.0410526
87,0.0435512
88,0.0410526
89,0.0439628
90,0.0494756
91,0.0462246
92,0.0450725
93,0.0437053
94,0.0381032
95,0.0371312
96,0.0388304
97,0.038323
98,0.0363253
99,0.034918
100,0.043163
101,0.0446698
102,0.0383164
103,0.040788
104,0.0374735
105,0.0401606
106,0.0435863
107,0.0429387
108,0.0430024
109,0.0411684
110,0.0413334
111,0.0396519
112,0.0350619
113,0.0362417
114,0.0441638
115,0.0450156
116,0.0454112
117,0.0467071
118,0.0410526
119,0.0334655
120,0.0410526
121,0.0457907
122,0.0410526
123,0.0425677
124,0.0468669
125,0.0459147
126,0.0507962
127,0.0312476
128,0.0633152
129,0.0298512
130,0.0477737
131,0.0410526
132,0.0430663
133,0.0544915
134,0.0383039
135,0.0387552
136,0.0475082
137,0.0476202
138,0.0460617
139,0.0483279
140,0.0441794
141,0.0426539
142,0.0407448
143,0.0376875
144,0.0407639
145,0.0392449
146,0.0322549
147,0.0598569
148,0.0424547
149,0.0420442
150,0.0347778
151,0.0324407
152,0.0353245
153,0.032059
154,0.0429692
155,0.0419331
156,0.0319
157,0.0413599
158,0.0460829
159,0.0463983
160,0.043204
161,0.0426812
162,0.035163
163,0.0410526
164,0.0394758
165,0.0410526
166,0.0367945
167,0.033432
168,0.0418813
169,0.0400408
170,0.0350853
171,0.0347584
172,0.0370137
173,0.0377729
174,0.0422949
175,0.0423756
176,0.0410526
177,0.0389219
178,0.0410526
179,0.0403275
180,0.0453607
181,0.0422645
182,0.042053
183,0.0449843
184,0.0377558
185,0.0405195
186,0.0425695
187,0.0443488
188,0.0395257
189,0.0376946
190,0.0529563
191,0.049613
192,0.0410526
193,0.0400994
194,0.0410526
195,0.0443705
196,0.0421692
197,0.0409576
198,0.0405819
199,0.0331131
200,0.0409752
201,0.0412635
202,0.0391834
203,0.0391091
204,0.0424304
205,0.0409324
206,0.0433172
207,0.0408197
208,0.0410526
209,0.0384187
210,0.0410526
211,0.0383583
212,0.0419138
213,0.03878
214,0.0362772
215,0.0362312
216,0.0482241
217,0.0494951
218,0.0394555
219,0.0403527
220,0.0377202
221,0.0368168
222,0.0370281
223,0.0370734
224,0.0384512
225,0.0404326
226,0.0426321
227,0.0408973
228,0.0394314
229,0.0402795
230,0.0368915
231,0.037515
232,0.0380778
233,0.0378122
234,0.0410526
235,0.0428982
236,0.0456757
237,0.0472914
238,0.042715
239,0.0439416
240,0.0375185
241,0.0397314
242,0.0406438
243,0.0404654
244,0.0448169
245,0.0451131
246,0.0343448
247,0.0372446
248,0.0392542
249,0.0380257
250,0.038578
251,0.0383531
252,0.0332248
253,0.032723
254,0.0362378
255,0.0350158
256,0.0379838
257,0.0387898
258,0.04901
259,0.0475477
260,0.0390877
261,0.0470433
262,0.0387252
263,0.0708843
264,0.0462406
265,0.0461947
266,0.0406298
267,0.0426203
268,0.0410526
269,0.0365778
270,0.0377886
271,0.039165
272,0.037103
273,0.039326
274,0.0410526
275,0.0321012
276,0.0410526
277,0.0401308
278,0.0410526
279,0.041813
280,0.0423406
281,0.0389567
282,0.0447648
283,0.0434367
284,0.0549692
285,0.0334375
286,0.0466875
287,0.0416771
288,0.0417005
289,0.0342836
290,0.0386997
291,0.0342912
292,0.0445196
293,0.0424746
294,0.0377943
295,0.0370487
296,0.0393128
297,0.0414731
298,0.0369802
299,0.0412873
300,0.0429729
301,0.0412312
302,0.0377943
303,0.0393957
304,0.0462267
305,0.0434452
306,0.0402196
307,0.0374518
308,0.0424872
309,0.0470943
310,0.0398581
311,0.0398525
312,0.0341828
313,0.0347005
314,0.0380286
315,0.037973
316,0.0406587
317,0.0397812
318,0.0420539
319,0.0398732
320,0.0372794
321,0.0374174
322,0.0352379
323,0.0410526
324,0.0454969
325,0.0335965
326,0.0351321
327,0.0354453
328,0.0412278
329,0.0396299
330,0.034662
331,0.034481
332,0.043448
333,0.0421736
334,0.039398
335,0.0399154
336,0.0410526
337,0.0378322
338,0.0258548
339,0.0385602
340,0.0362004
341,0.0346747
342,0.0391704
343,0.0382168
344,0.0369092
345,0.0361827
346,0.0424079
347,0.0377622
348,0.0367701
349,0.0380923
350,0.0416302
351,0.0443813
352,0.039851
353,0.0373874
354,0.0410526
355,0.0418174
356,0.0410526
357,0.0366005
358,0.0393368
359,0.0367296
360,0.036974
361,0.0405474
362,0.0456621
363,0.0468647
364,0.0401873
365,0.0362017
366,0.040526
367,0.0397923
368,0.0404924
369,0.0378587
370,0.0410526
371,0.0409082
372,0.0410526
373,0.0402309
374,0.0402649
375,0.0377252
376,0.0427497
377,0.0425242
378,0.0408605
379,0.0397377
380,0.042811
381,0.048765
382,0.0439309
383,0.0447908
384,0.0413873
385,0.0395891
386,0.0457415
387,0.0447588
388,0.0411049
389,0.0388674
390,0.0392881
391,0.0376974
392,0.0412193
393,0.0414938
394,0.0378974
395,0.037973
396,0.0442263
397,0.04408
398,0.0381403
399,0.0355758
400,0.0391734
401,0.0395031
402,0.0396802
403,0.0421665
404,0.0442439
405,0.0399074
406,0.0371609
407,0.0413839
408,0.0425867
409,0.035584
410,0.0443813
411,0.042489
412,0.0343106
413,0.0336831
414,0.045045
415,0.0459886
416,0.0335374
417,0.0327065
418,0.0330956
419,0.0350367
420,0.0375961
421,0.0364133
422,0.0338347
423,0.0344947
424,0.0367438
425,0.0392295
426,0.0391298
427,0.0420805
428,0.0380062
429,0.0381476
430,0.034659
431,0.0351179
432,0.0349119
433,0.0366448
434,0.0350152
435,0.0351809
436,0.0375425
437,0.0387604
438,0.0399281
439,0.0407224
440,0.0389879
441,0.041632
442,0.0410526
443,0.0571527
444,0.0410526
445,0.050035
446,0.0410526
447,0.0547345
448,0.0364073
449,0.0410526
450,0.0361998
451,0.0499975
452,0.0452233
453,0.0355006
454,0.0410526
455,0.0313023
456,0.0345519
457,0.0323666
458,0.0435597
459,0.0416658
460,0.0407075
461,0.0396173
462,0.0386287
463,0.039268
464,0.0369836
465,0.0361539
466,0.0373748
467,0.033579
468,0.0383988
469,0.0372835
470,0.0414568
471,0.0414491
472,0.0412074
473,0.047489
474,0.0431416
475,0.0434688
476,0.0391014
477,0.0402731
478,0.0404285
479,0.0408088
480,0.0423603
481,0.0424448
482,0.0396369
483,0.038004
484,0.041876
485,0.0427606
486,0.0429267
487,0.0441628
488,0.0402164
489,0.0396747
490,0.0363841
491,0.0453896
492,0.0346434
493,0.0390061
494,0.0361651
495,0.0364073
496,0.0390602
497,0.0406091
498,0.0423227
499,0.0450674
500,0.0350048
501,0.0357852
502,0.0387687
503,0.0381366
504,0.0363451
505,0.0376315
506,0.040848
507,0.0401147
508,0.0410526
509,0.0452601
510,0.0410526
511,0.0451152
512,0.0393422
513,0.0411201
514,0.0407
515,0.0407257
516,0.0367857
517,0.0372599
518,0.0434094
519,0.0399872
520,0.0380489
521,0.0407025
522,0.038429
523,0.0388018
524,0.0405145
525,0.0387432
526,0.0410526
527,0.0438943
528,0.0410526
529,0.0418069
530,0.0372794
531,0.0374237
532,0.0413591
533,0.0452192
534,0.0441189
535,0.0421754
536,0.0452274
537,0.0400761
538,0.0377629
539,0.0371927
540,0.0416545
541,0.038051
542,0.0437407
543,0.0403608
544,0.0451845
545,0.0450593
546,0.0411226
547,0.0410526
548,0.0410526
549,0.0437206
550,0.0469351
551,0.0444375
552,0.0422199
553,0.0476792
554,0.0360666
555,0.038257
556,0.0465246
557,0.0443705
558,0.042
559,0.0437283
560,0.0350994
561,0.0337308
562,0.0439908
563,0.0405836
564,0.0439686
565,0.043631
566,0.0402625
567,0.040705
568,0.0411007
569,0.0390206
570,0.0461074
571,0.0448652
572,0.0329023
573,0.0358693
574,0.0423074
575,0.0425107
576,0.0430441
577,0.0431993
578,0.0398311
579,0.04158
580,0.0420849
581,0.0461297
582,0.0398819
583,0.0407756
584,0.0415429
585,0.0485944
586,0.0453042
587,0.0404057
588,0.0320868
589,0.0332862
590,0.0363676
591,0.0375199
592,0.0394812
593,0.0401252
594,0.0381381
595,0.0397765
596,0.040004
597,0.0384135
598,0.0404204
599,0.041671
600,0.036665
601,0.0398287
602,0.0346969
603,0.0367276
604,0.0386451
605,0.0403201
606,0.0391765
607,0.0408847
608,0.0391152
609,0.0405071
610,0.0442831
611,0.0425586
612,0.0351309
613,0.0365878
614,0.0391673
615,0.0442566
616,0.0439194
617,0.0714975
618,0.036359
619,0.0390358
620,0.0414448
621,0.0714796
622,0.0410526
623,0.0360263
624,0.0410526
625,0.0404948
626,0.0410526
627,0.0629327
628,0.0449065
629,0.0399952
630,0.0393771
631,0.0414534
632,0.0448873
633,0.0374525
634,0.0539214
635,0.0366582
636,0.0359234
637,0.0356113
638,0.0377017
639,0.0421621
640,0.0420778
641,0.0374111
642,0.0446678
643,0.0442899
644,0.0385498
645,0.0364877
646,0.0449762
647,0.041278
648,0.0467071
649,0.0433247
650,0.0463693
651,0.0413095
652,0.0453206
653,0.0452059
654,0.0483969
655,0.044156
656,0.0485143
657,0.0477498
658,0.0417084
659,0.0419454
660,0.0462396
661,0.043032
662,0.0393716
663,0.0433276
664,0.0450288
665,0.046014
666,0.0384165
667,0.0378365
668,0.0384564
669,0.0376776
670,0.0411472
671,0.041792
672,0.0345185
673,0.0332519
674,0.0413565
675,0.0404596
676,0.040197
677,0.0416216
678,0.0355606
679,0.0392241
680,0.0448601
681,0.0420097
682,0.0457289
683,0.0460416
684,0.043163
685,0.0399425
686,0.0397591
687,0.0389932
688,0.0402139
689,0.0449388
690,0.045335
691,0.0466701
692,0.0410526
693,0.0458096
694,0.0366838
695,0.0453258
696,0.0380597
697,0.0433229
698,0.0423469
699,0.0409802
700,0.0433473
701,0.0431509
702,0.0374827
703,0.0382482
704,0.0425459
705,0.0408614
706,0.0446
707,0.0389848
708,0.0407797
709,0.0376357
710,0.0528919
711,0.043518
712,0.0410526
713,0.0397448
714,0.0410526
715,0.0403942
716,0.0438904
717,0.0418419
718,0.0414216
719,0.0393554
720,0.0456506
721,0.0482207
722,0.0443823
723,0.0441921
724,0.0403633
725,0.0376244
726,0.0363855
727,0.0361886
728,0.0393414
729,0.0368902
730,0.0410526
731,0.0413343
732,0.0410526
733,0.039398
734,0.0410526
735,0.0383642
736,0.0410526
737,0.0405408
738,0.0471331
739,0.0438982
740,0.0433661
741,0.0447838
742,0.0488067
743,0.0454432
744,0.0398343
745,0.0382497
746,0.0414577
747,0.0422654
748,0.0453145
749,0.0432769
750,0.0406669
751,0.0388508
752,0.0416034
753,0.0442008
754,0.0413061
755,0.0416164
756,0.0390488
757,0.0405877
758,0.0404024
759,0.0393647
760,0.041383
761,0.0388916
762,0.0445256
763,0.0481047
764,0.0453391
765,0.0449035
766,0.0451732
767,0.0453453
768,0.0416441
769,0.0422386
770,0.0494915
771,0.0488591
772,0.0424854
773,0.0425858
774,0.0460289
775,0.0397062
776,0.0432489
777,0.0396723
778,0.0353788
779,0.0349089
780,0.0446229
781,0.0441423
782,0.0394851
783,0.0437206
784,0.0362109
785,0.0366676
786,0.0382878
787,0.0394859
788,0.045405
789,0.0418953
790,0.0370666
791,0.0397986
792,0.0379118
793,0.0426903
794,0.0485779
795,0.0519143
796,0.0423864
797,0.0453463
798,0.0379003
799,0.0389826
800,0.0444593
801,0.0407656
802,0.0394625
803,0.0406951
804,0.0390572
805,0.0415265
806,0.0402439
807,0.0386227
808,0.0410526
809,0.0379269
810,0.0360412
811,0.0370693
812,0.0410526
813,0.0373888
814,0.0410526
815,0.0672088
816,0.0486452
817,0.0380662
818,0.0532964
819,0.0363888
820,0.0511666
821,0.04592
822,0.0319463
823,0.0351377
824,0.0298343
825,0.0429655
826,0.0366146
827,0.0391734
828,0.0502525
829,0.0496623
830,0.0470644
831,0.0354918
832,0.0434537
833,0.0365925
834,0.0437436
835,0.0451651
836,0.0479363
837,0.0413385
838,0.0429433
839,0.0431183
840,0.0433586
841,0.0422529
842,0.0484731
843,0.0475308
844,0.0493425
845,0.0468911
846,0.0411074
847,0.0398073
848,0.0472836
849,0.045995
850,0.0426931
851,0.0425831
852,0.0369781
853,0.0380786
854,0.0369303
855,0.0396888
856,0.0375192
857,0.0408889
858,0.0429636
859,0.043591
860,0.04111
861,0.0414921
862,0.0447167
863,0.0437685
864,0.0403511
865,0.0422556
866,0.0333661
867,0.0405622
868,0.0447999
869,0.0473294
870,0.0342431
871,0.0374167
872,0.0373608
873,0.0385743
874,0.0395398
875,0.0413616
876,0.0374855
877,0.0364385
878,0.041077
879,0.0436167
880,0.0410526
881,0.0458705
882,0.0410526
883,0.0421701
884,0.0267491
885,0.0435095
886,0.0433247
887,0.0422172
888,0.0387094
889,0.0400521
890,0.0410198
891,0.0401953
892,0.0383171
893,0.038025
894,0.0427451
895,0.0411684
896,0.0364027
897,0.035699
898,0.0467039
899,0.0432358
900,0.0410526
901,0.0426403
902,0.0410526
903,0.042398
904,0.0410526
905,0.0350803
906,0.0456694
907,0.0449741
908,0.0476338
909,0.0458779
910,0.039546
911,0.0420813
912,0.0445812
913,0.0455363
914,0.0486346
915,0.0458222
916,0.0410526
917,0.041505
918,0.0410526
919,0.0398335
920,0.0410526
921,0.0388417
922,0.0410526
923,0.0411506
924,0.0425922
925,0.0408889
926,0.0367067
927,0.0373972
928,0.0466559
929,0.0455384
930,0.0401655
931,0.0415239
932,0.0409928
933,0.0427625
934,0.0424529
935,0.0430283
936,0.0454236
937,0.0437953
938,0.0462535
939,0.042545
940,0.0447507
941,0.0422592
942,0.0392226
943,0.0388568
944,0.0431248
945,0.041956
946,0.0382468
947,0.0369351
948,0.0372162
949,0.0383693
950,0.0428623
951,0.0429858
952,0.0394275
953,0.0406587
954,0.0367309
955,0.0368691
956,0.0459749
957,0.0476451
958,0.0356182
959,0.036541
960,0.0445732
961,0.042971
962,0.0344145
963,0.035617
964,0.0360822
965,0.0396849
966,0.0381127
967,0.0386593
968,0.0460151
969,0.0447688
970,0.0380322
971,0.0384512
972,0.0375961
973,0.0387898
974,0.0369816
975,0.038768
976,0.0423137
977,0.0417476
978,0.0353388
979,0.0382768
980,0.0408222
981,0.03885
982,0.0400232
983,0.0417188
984,0.0422057
985,0.0405787
986,0.0372557
987,0.0421345
988,0.0371092
989,0.0369501
990,0.0377544
991,0.0396621
992,0.0415058
993,0.0427469
994,0.0400168
995,0.0396644
996,0.0322191
997,0.0336746
998,0.0443105
999,0.0421319
1000,0.0410526
1001,0.0541169
1002,0.0410526
1003,0.0456809
1004,0.0424187
1005,0.032611
1006,0.0454236
1007,0.0374742
1008,0.033543
1009,0.0403706
1010,0.036075
1011,0.0326926
1012,0.0469759
1013,0.0466309
1014,0.0421319
1015,0.041751
1016,0.0509645
1017,0.0490641
1018,0.0476713
1019,0.0444583
1020,0.0458474
1021,0.0478572
1022,0.043149
1023,0.0424827
1024,0.0456475
1025,0.047735
1026,0.0429655
1027,0.0428302
1028,0.0313977
1029,0.0368026
1030,0.0378695
1031,0.0356945
1032,0.0344424
1033,0.0349913
1034,0.0349969
1035,0.0343589
1036,0.0412006
1037,0.0372807
1038,0.044836
1039,0.0370425
1040,0.0414886
1041,0.0431295
1042,0.0367229
1043,0.0413659
1044,0.0351871
1045,0.0364524
1046,0.0383855
1047,0.0406124
1048,0.0427113
1049,0.042936
1050,0.0469362
1051,0.0475251
1052,0.0450694
1053,0.0532382
1054,0.0395077
1055,0.0425876
1056,0.0410526
1057,0.0438433
1058,0.0410526
1059,0.0431072
1060,0.0410526
1061,0.0374813
1062,0.0337336
1063,0.0354346
1064,0.0411836
1065,0.0378881
1066,0.0440112
1067,0.0418253
1068,0.0381599
1069,0.0394306
1070,0.0381978
1071,0.0402593
1072,0.0356678
1073,0.0398716
1074,0.0384091
1075,0.0390801
1076,0.0391957
1077,0.0389045
1078,0.0410526
1079,0.0388923
1080,0.0410526
1081,0.0461947
1082,0.0410526
1083,0.0478824
1084,0.0410526
1085,0.04385
1086,0.0410526
1087,0.0407864
1088,0.0410526
1089,0.0427131
1090,0.0410526
1091,0.042
1092,0.0465474
1093,0.0439116
1094,0.0447187
1095,0.0473979
1096,0.0473732
1097,0.0460564
1098,0.0481267
1099,0.0460056
1100,0.041651
1101,0.0388795
1102,0.0521213
1103,0.0488103
1104,0.0434972
1105,0.0420115
1106,0.0398875
1107,0.0403665
1108,0.0470135
1109,0.0432423
1110,0.0415844
1111,0.0396951
1112,0.0387409
1113,0.038835
1114,0.0415904
1115,0.0452182
1116,0.0356316
1117,0.035495
1118,0.0406942
1119,0.0437311
1120,0.046934
1121,0.0459411
1122,0.0395531
1123,0.0380358
1124,0.0373009
1125,0.0415222
1126,0.04904
1127,0.0459295
1128,0.043071
1129,0.0387702
1130,0.0421221
1131,0.0410796
1132,0.0440306
1133,0.0432545
1134,0.0396904
1135,0.0407067
1136,0.037358
1137,0.0405927
1138,0.0420309
1139,0.0412465
1140,0.0425767
1141,0.0399584
1142,0.034808
1143,0.0359641
1144,0.0397614
1145,0.039681
1146,0.0394034
1147,0.0388417
1148,0.0405852
1149,0.0381047
1150,0.0385408
1151,0.0373783
1152,0.0404523
1153,0.0414542
1154,0.0392157
1155,0.0390252
1156,0.0420849
1157,0.0437378
1158,0.0408697
1159,0.0369488
1160,0.0400681
1161,0.0418401
1162,0.0461042
1163,0.0438722
1164,0.0601775
1165,0.058673
1166,0.0502601
1167,0.0512321
1168,0.041468
1169,0.0403063
1170,0.0383531
1171,0.0384431
1172,0.0347482
1173,0.0343968
1174,0.0436805
1175,0.0461318
1176,0.0374827
1177,0.0452704
1178,0.0392603
1179,0.0389022
1180,0.036706
1181,0.04013
1182,0.0400272
1183,0.0410526
1184,0.0361709
1185,0.040373
1186,0.0346248
1187,0.0522739
1188,0.0420018
1189,0.0437503
1190,0.0430163
1191,0.0473597
1192,0.0510347
1193,0.0473855
1194,0.0410526
1195,0.0463714
1196,0.0410526
1197,0.0489908
1198,0.0410526
1199,0.04232
1200,0.0391229
1201,0.0387259
1202,0.0450755
1203,0.0440228
1204,0.0370824
1205,0.040549
1206,0.0410526
1207,0.0371968
1208,0.039129
1209,0.0369351
1210,0.0436034
1211,0.0404367
1212,0.0453793
1213,0.0444474
1214,0.0491666
1215,0.0461936
1216,0.0410526
1217,0.0439107
1218,0.0410526
1219,0.0410526
1220,0.0459102
1221,0.0438714
1222,0.0485001
1223,0.0488878
1224,0.0448722
1225,0.0434461
1226,0.0397093
1227,0.0405704
1228,0.0420822
1229,0.0427341
1230,0.0375009
1231,0.036062
1232,0.0367519
1233,0.0370892
1234,0.0396526
1235,0.0370576
1236,0.0437216
1237,0.0408138
1238,0.0409886
1239,0.0347488
1240,0.0439725
1241,0.040295
1242,0.0447497
1243,0.0431723
1244,0.0446778
1245,0.0435663
1246,0.0469087
1247,0.0466451
1248,0.042
1249,0.0441219
1250,0.0472144
1251,0.045901
1252,0.0412303
1253,0.0423496
1254,0.0363722
1255,0.0301028
1256,0.0366845
1257,0.0374981
1258,0.0410635
1259,0.0405392
1260,0.0406413
1261,0.043122
1262,0.0382665
1263,0.0372453
1264,0.0397093
1265,0.0403967
1266,0.0347983
1267,0.0410526
1268,0.0399425
1269,0.0388659
1270,0.0402261
1271,0.0396597
1272,0.0486322
1273,0.0510191
1274,0.0288496
1275,0.0319086
1276,0.0461883
1277,0.0467683
1278,0.0462097
1279,0.0426194
1280,0.0420212
1281,0.0396157
1282,0.0488317
1283,0.0468933
1284,0.0472701
1285,0.0462342
1286,0.0519373
1287,0.0495921
1288,0.0439165
1289,0.0410526
1290,0.040605
1291,0.0410526
1292,0.0425659
1293,0.0438212
1294,0.0410526
1295,0.047172
1296,0.0460193
1297,0.0499151
1298,0.0421061
1299,0.0417842
1300,0.0480307
1301,0.0467672
1302,0.0430969
1303,0.0422378
1304,0.0444178
1305,0.0423558
1306,0.0430506
1307,0.0419974
1308,0.0487995
1309,0.0464447
1310,0.0445028
1311,0.0448139
1312,0.0420354
1313,0.0414336
1314,0.0410543
1315,0.0406645
1316,0.0434811
1317,0.0500225
1318,0.0441872
1319,0.0457551
1320,0.0433651
1321,0.0432498
1322,0.0440025
1323,0.044835
1324,0.0508531
1325,0.0485531
1326,0.0470965
1327,0.0480931
1328,0.0459063
1329,0.0465203
1330,0.0469814
1331,0.0373162
1332,0.0464587
1333,0.0465571
1334,0.041638
1335,0.0420566
1336,0.0464317
1337,0.0477247
1338,0.0462792
1339,0.0482044
1340,0.0482276
1341,0.0487092
1342,0.0456163
1343,0.0463768
1344,0.0463962
1345,0.0475636
1346,0.0413608
1347,0.040308
1348,0.0454545
1349,0.0447628
1350,0.0425071
1351,0.0421816
1352,0.0502904
1353,0.0514297
1354,0.0447638
1355,0.0482055
1356,0.0442302
1357,0.0444959
1358,0.042211
1359,0.0412575
1360,0.0514946
1361,0.0434329
1362,0.0499363
1363,0.0464479
1364,0.0478744
1365,0.0424277
1366,0.0425487
1367,0.0381374
1368,0.0456017
1369,0.0448059
1370,0.0477099
1371,0.050279
1372,0.0523067
1373,0.0578336
1374,0.074132
1375,0.0785272
1376,0.0414293
1377,0.0425116
1378,0.0494903
1379,0.0506573
1380,0.0444771
1381,0.0441335
1382,0.0427049
1383,0.0436453
1384,0.0441112
1385,0.0427524
1386,0.0438395
1387,0.0450714
1388,0.0473059
1389,0.0461755
1390,0.0414027
1391,0.0410475
1392,0.0401188
1393,0.0414757
1394,0.0441384
1395,0.0438491
1396,0.0427159
1397,0.0410669
1398,0.0418699
1399,0.0389052
1400,0.0443233
1401,0.0468889
1402,0.0426776
1403,0.0456215
1404,0.0400072
1405,0.0397986
1406,0.0449398
1407,0.0417667
1408,0.0425107
1409,0.0397583
1410,0.0434329
1411,0.0535045
1412,0.0445276
1413,0.0451427
1414,0.0497711
1415,0.0484391
1416,0.0438683
1417,0.0454308
1418,0.045108
1419,0.0471531
1420,0.0486299
1421,0.0432816
1422,0.0470323
1423,0.0447557
1424,0.0480804
1425,0.0465116
1426,0.0470721
1427,0.0431788
1428,0.0497327
1429,0.0434329
1430,0.0498542
1431,0.0434329
1432,0.0527273
1433,0.0434329
1434,0.0421416
1435,0.0449843
1436,0.0413232
1437,0.0437522
1438,0.0459738
1439,0.0436691
1440,0.0412465
1441,0.0426148
1442,0.0471898
1443,0.0468834
1444,0.0440141
1445,0.0447387
1446,0.0444
1447,0.0442968
1448,0.0442821
1449,0.041383
1450,0.0416545
1451,0.0458863
1452,0.0382278
1453,0.0379413
1454,0.0401421
1455,0.0431602
1456,0.0450765
1457,0.0466451
1458,0.0441073
1459,0.0437685
1460,0.0431574
1461,0.0447307
1462,0.048727
1463,0.0457886
1464,0.0414096
1465,0.0428715
1466,0.0392003
1467,0.0396999
1468,0.0400625
1469,0.0420115
1470,0.0438827
1471,0.0447357
1472,0.0372058
1473,0.0374308
1474,0.0395718
1475,0.0402398
1476,0.0408797
1477,0.0415705
1478,0.0357641
1479,0.0367154
1480,0.051261
1481,0.0513584
1482,0.041891
1483,0.0419569
1484,0.0456121
1485,0.0454473
1486,0.0452458
1487,0.0447417
1488,0.0440403
1489,0.0439918
1490,0.045107
1491,0.0458033
1492,0.0406306
1493,0.040252
1494,0.0429461
1495,0.0431593
1496,0.0443488
1497,0.0435294
1498,0.0409324
1499,0.0426385
1500,0.0443066
1501,0.0445484
1502,0.0434329
1503,0.0480284
1504,0.0434329
1505,0.0458369
1506,0.0421274
1507,0.0408873
1508,0.0413616
1509,0.0409526
1510,0.0442282
1511,0.0457572
1512,0.0463725
1513,0.0436034
1514,0.0488353
1515,0.0469395
1516,0.0392026
1517,0.0387342
1518,0.0419639
1519,0.0404261
1520,0.0420769
1521,0.0424052
1522,0.0438982
1523,0.045582
1524,0.0425026
1525,0.0434329
1526,0.0372315
1527,0.0434329
1528,0.0434329
1529,0.0397267
1530,0.0434329
1531,0.0392704
1532,0.0467979
1533,0.0428458
1534,0.0437464
1535,0.0416424
1536,0.0430163
1537,0.0405836
1538,0.044236
1539,0.0448934
1540,0.0485673
1541,0.0469439
1542,0.0410855
1543,0.0411675
1544,0.0493681
1545,0.0479203
1546,0.046619
1547,0.0476838
1548,0.0490641
1549,0.0463865
1550,0.0490076
1551,0.0434329
1552,0.0486926
1553,0.0434329
1554,0.0464814
1555,0.0434329
1556,0.0507254
1557,0.0509424
1558,0.0500751
1559,0.0484848
1560,0.0535647
1561,0.054404
1562,0.0500839
1563,0.0458127
1564,0.0530166
1565,0.0630736
1566,0.0448893
1567,0.043351
1568,0.044116
1569,0.044048
1570,0.0448813
1571,0.0416103
1572,0.0464436
1573,0.0447117
1574,0.0417075
1575,0.0426885
1576,0.0401365
1577,0.0409475
1578,0.0486369
1579,0.0482928
1580,0.0416866
1581,0.0424349
1582,0.0422663
1583,0.0433548
1584,0.0418419
1585,0.0437015
1586,0.0403462
1587,0.0409744
1588,0.0418901
1589,0.043651
1590,0.0460119
1591,0.0464166
1592,0.0409618
1593,0.0438953
1594,0.0428532
1595,0.0426821
1596,0.0460479
1597,0.0488234
1598,0.0393786
1599,0.0394649
1600,0.0409626
1601,0.0408155
1602,0.03866
1603,0.0396944
1604,0.041684
1605,0.0426521
1606,0.0533589
1607,0.0533077
1608,0.0471865
1609,0.0502639
1610,0.0447588
1611,0.0445792
1612,0.0404588
1613,0.0419076
1614,0.0450745
1615,0.0443272
1616,0.0401413
1617,0.0419481
1618,0.0430737
1619,0.0422476
1620,0.0356614
1621,0.0350324
1622,0.0374686
1623,0.0417912
1624,0.0396574
1625,0.0418989
1626,0.0386048
1627,0.0396951
1628,0.0417206
1629,0.0405597
1630,0.0399912
1631,0.0398629
1632,0.0463757
1633,0.0455332
1634,0.0415007
1635,0.0424692
1636,0.0471665
1637,0.0469682
1638,0.0436062
1639,0.0425026
1640,0.0436948
1641,0.0435227
1642,0.0430469
1643,0.0396723
1644,0.0417066
1645,0.044608
1646,0.0363207
1647,0.0379521
1648,0.04504
1649,0.0406075
1650,0.042508
1651,0.0412533
1652,0.0378387
1653,0.0354152
1654,0.0367195
1655,0.0412244
1656,0.0439647
1657,0.0443046
1658,0.0434329
1659,0.0438625
1660,0.0448783
1661,0.0450958
1662,0.0434329
1663,0.0400593
1664,0.0554139
1665,0.0499089
1666,0.0386855
1667,0.0394929
1668,0.0452591
1669,0.0468176
1670,0.039805
1671,0.0401711
1672,0.0467104
1673,0.0470954
1674,0.0343743
1675,0.0363517
1676,0.045334
1677,0.0470234
1678,0.036507
1679,0.0355783
1680,0.0422761
1681,0.044481
1682,0.0392526
1683,0.0392873
1684,0.0410568
1685,0.0434329
1686,0.04104
1687,0.0434329
1688,0.0434329
1689,0.0418095
1690,0.0434329
1691,0.0441999
1692,0.0427899
1693,0.0424016
1694,0.0434707
1695,0.0414448
1696,0.0449681
1697,0.0407141
1698,0.044483
1699,0.0424079
1700,0.0457132
1701,0.0438664
1702,0.0437819
1703,0.0434047
1704,0.0461021
1705,0.0446349
1706,0.0530842
1707,0.0491618
1708,0.0465647
1709,0.0442175
1710,0.0467464
1711,0.0457603
1712,0.0499451
1713,0.0434329
1714,0.046569
1715,0.0434329
1716,0.0491352
1717,0.0434329
1718,0.0482346
1719,0.0474935
1720,0.0498269
1721,0.0487258
1722,0.0460172
1723,0.0451824
1724,0.0457509
1725,0.0443823
1726,0.044155
1727,0.0424178
1728,0.0479283
1729,0.0470688
1730,0.0497946
1731,0.0493425
1732,0.0464695
1733,0.042935
1734,0.0459232
1735,0.0460395
1736,0.0479076
1737,0.0442635
1738,0.0441891
1739,0.0421479
1740,0.0419939
1741,0.0413796
1742,0.0406711
1743,0.042187
1744,0.0446927
1745,0.0467979
1746,0.044824
1747,0.0447197
1748,0.041443
1749,0.0408789
1750,0.0400521
1751,0.0410442
1752,0.0411658
1753,0.0430404
1754,0.0462663
1755,0.0454329
1756,0.0487508
1757,0.0486654
1758,0.0465755
1759,0.0447087
1760,0.0374995
1761,0.0382775
1762,0.0476872
1763,0.0453576
1764,0.045582
1765,0.046998
1766,0.0400248
1767,0.0404302
1768,0.0379255
1769,0.0407897
1770,0.0459812
1771,0.0459211
1772,0.0429876
1773,0.042735
1774,0.0403592
1775,0.0428284
1776,0.0413129
1777,0.041148
1778,0.0414173
1779,0.0404081
1780,0.0364691
1781,0.0361135
1782,0.0380728
1783,0.0377216
1784,0.038287
1785,0.0379125
1786,0.0401873
1787,0.0399632
1788,0.0388289
1789,0.0392788
1790,0.0418796
1791,0.0420106
1792,0.0626782
1793,0.0339271
1794,0.0416528
1795,0.0415792
1796,0.0415705
1797,0.0404531
1798,0.0417545
1799,0.0401558
1800,0.0426548
1801,0.0449974
1802,0.0436262
1803,0.0447227
1804,0.0432161
1805,0.0427615
1806,0.0478629
1807,0.0490846
1808,0.0430496
1809,0.0410897
1810,0.0458379
1811,0.0497996
1812,0.0469616
1813,0.0453237
1814,0.0428964
1815,0.0421408
1816,0.0447608
1817,0.044018
1818,0.0416823
1819,0.0407897
1820,0.0403161
1821,0.0425568
1822,0.0432638
1823,0.0431211
1824,0.0420159
1825,0.0425514
1826,0.044479
1827,0.0449913
1828,0.0403568
1829,0.0359809
1830,0.0434329
1831,0.0476713
1832,0.0434329
1833,0.0476485
1834,0.0460989
1835,0.0423469
1836,0.0417929
1837,0.0429341
1838,0.0422324
1839,0.0423191
1840,0.0366039
1841,0.037896
1842,0.045105
1843,0.0422012
1844,0.0445454
1845,0.0406413
1846,0.0492902
1847,0.0468988
1848,0.0431192
1849,0.0413274
1850,0.0430459
1851,0.0434358
1852,0.0393616
1853,0.0392318
1854,0.0446508
1855,0.0469384
1856,0.046351
1857,0.0434329
1858,0.0416632
1859,0.0434329
1860,0.0453412
1861,0.0415317
1862,0.0434329
1863,0.0443341
1864,0.0438789
1865,0.0424448
1866,0.0469098
1867,0.0446808
1868,0.0424953
1869,0.0389226
1870,0.0403023
1871,0.0391252
1872,0.0446897
1873,0.0424728
1874,0.0459865
1875,0.044618
1876,0.0485107
1877,0.0482532
1878,0.0542417
1879,0.0479973
1880,0.0480261
1881,0.044831
1882,0.0410754
1883,0.0396259
1884,0.0468088
1885,0.0444662
1886,0.0484543
1887,0.0434329
1888,0.0439406
1889,0.0434329
1890,0.0470035
1891,0.0434329
1892,0.0461542
1893,0.0434329
1894,0.0438933
1895,0.0424899
1896,0.0489548
1897,0.0506765
1898,0.048539
1899,0.0496586
1900,0.0512256
1901,0.0485248
1902,0.0446249
1903,0.0476451
1904,0.0462824
1905,0.042139
1906,0.0512033
1907,0.049028
1908,0.0461915
1909,0.0436319
1910,0.0462813
1911,0.0445782
1912,0.042131
1913,0.0438808
1914,0.0518874
1915,0.0529339
1916,0.0454928
1917,0.0450552
1918,0.0416484
1919,0.0421061
1920,0.0385282
1921,0.040591
1922,0.0406421
1923,0.0426712
1924,0.0408522
1925,0.0482998
1926,0.0443951
1927,0.0455042
1928,0.044609
1929,0.0430728
1930,0.0451488
1931,0.0443017
1932,0.0372197
1933,0.0421372
1934,0.0435569
1935,0.0397062
1936,0.0437924
1937,0.0413599
1938,0.0421621
1939,0.0414886
1940,0.0384054
1941,0.0378802
1942,0.0388636
1943,0.0368589
1944,0.0447117
1945,0.0424935
1946,0.0461531
1947,0.0447017
1948,0.0430561
1949,0.0445077
1950,0.0414499
1951,0.0416641
1952,0.0393957
1953,0.038959
1954,0.0458779
1955,0.0448914
1956,0.037795
1957,0.0398137
1958,0.0376925
1959,0.038959
1960,0.0421505
1961,0.0437809
1962,0.0386959
1963,0.0408898
1964,0.0446289
1965,0.0438356
1966,0.0404482
1967,0.0411336
1968,0.0384593
1969,0.0371879
1970,0.0355923
1971,0.0363465
1972,0.0509411
1973,0.050374
1974,0.0382724
1975,0.0378365
1976,0.0362129
1977,0.0394407
1978,0.0421985
1979,0.0410956
1980,0.0398764
1981,0.0389385
1982,0.0382292
1983,0.0358211
1984,0.0431127
1985,0.0424457
1986,0.045683
1987,0.0463006
1988,0.0476361
1989,0.04592
1990,0.0456694
1991,0.0437694
1992,0.0436319
1993,0.0424728
1994,0.0442331
1995,0.0433962
1996,0.0416962
1997,0.0412635
1998,0.0449166
1999,0.0450785
2000,0.042261
2001,0.0424097
2002,0.0463392
2003,0.0450511
2004,0.0429406
2005,0.041876
2006,0.0446728
2007,0.0465549
2008,0.045498
2009,0.0465289
2010,0.0426021
2011,0.0445295
2012,0.0361952
2013,0.0353544
2014,0.0434329
2015,0.0460077
2016,0.0489968
2017,0.0446329
2018,0.0436643
2019,0.0440567
2020,0.041751
2021,0.0432386
2022,0.0341478
2023,0.0342501
2024,0.0424836
2025,0.0406893
2026,0.0415377
2027,0.0449479
2028,0.0405113
2029,0.0439522
2030,0.0357801
2031,0.0367748
2032,0.0448773
2033,0.041324
2034,0.0420575
2035,0.0439647
2036,0.0408488
2037,0.0419516
2038,0.0421177
2039,0.0445941
2040,0.0426076
2041,0.0434329
2042,0.0434329
2043,0.0434329
2044,0.0490689
2045,0.0438895
2046,0.0470599
2047,0.0418883
2048,0.0429046
2049,0.0406661
2050,0.0456944
2051,0.0464501
2052,0.0416823
2053,0.0401067
2054,0.0401139
2055,0.0384815
2056,0.0469638
2057,0.0466309
2058,0.0451406
2059,0.0429185
2060,0.0442782
2061,0.0468022
2062,0.0485531
2063,0.0493121
2064,0.0447748
2065,0.0453453
2066,0.046014
2067,0.0453885
2068,0.0520413
2069,0.0493376
2070,0.0516476
2071,0.0434329
2072,0.051577
2073,0.0434329
2074,0.0503145
2075,0.0434329
2076,0.0522807
2077,0.0434329
2078,0.0489644
2079,0.0463489
2080,0.0521308
2081,0.0506919
2082,0.0525597
2083,0.0511313
2084,0.0473653
2085,0.0480008
2086,0.0457206
2087,0.0468999
2088,0.0518686
2089,0.0496142
2090,0.0486098
2091,0.0465679
2092,0.0461862
2093,0.0418393
2094,0.0488234
2095,0.0493596
2096,0.0486808
2097,0.0486299
2098,0.043336
2099,0.0443892
2100,0.0489177
2101,0.0427524
2102,0.0474395
2103,0.0489608
2104,0.0455176
2105,0.0434226
2106,0.0461915
2107,0.0452141
2108,0.0369699
2109,0.0397409
2110,0.0397496
2111,0.0406777
2112,0.0440529
2113,0.0441423
2114,0.0393051
2115,0.0403405
2116,0.0371644
2117,0.0359486
2118,0.0396095
2119,0.0393244
2120,0.0392542
2121,0.0421283
2122,0.0445692
2123,0.0406223
2124,0.0413274
2125,0.0406289
2126,0.0380575
2127,0.0388086
2128,0.0466995
2129,0.0444365
2130,0.0379485
2131,0.0372842
2132,0.0351358
2133,0.0345871
2134,0.0395804
2135,0.0385015
2136,0.0387327
2137,0.0419287
2138,0.0423003
2139,0.0428403
2140,0.0425795
2141,0.0404334
2142,0.0438683
2143,0.0435066
2144,0.0429424
2145,0.0452827
2146,0.0367843
2147,0.0365624
2148,0.0425958
2149,0.0441764
2150,0.0463489
2151,0.0468977
2152,0.0381519
2153,0.0358282
2154,0.0370425
2155,0.0400601
2156,0.0413873
2157,0.0457896
2158,0.0423361
2159,0.0416528
2160,0.0434329
2161,0.0451304
2162,0.0388734
2163,0.0392365
2164,0.0428036
2165,0.0448601
2166,0.0439232
2167,0.0427305
2168,0.039976
2169,0.0408322
2170,0.0465235
2171,0.0472623
2172,0.0463092
2173,0.0447457
2174,0.0393414
2175,0.0397765
2176,0.039312
2177,0.0398549
2178,0.0438107
2179,0.0434103
2180,0.0444543
2181,0.0471065
2182,0.0458758
2183,0.0464253
2184,0.0446857
2185,0.0450725
2186,0.0473709
2187,0.0434377
2188,0.0459971
2189,0.0428449
2190,0.0552013
2191,0.0342718
2192,0.0468878
2193,0.0466984
2194,0.0453587
2195,0.0434358
2196,0.0434329
2197,0.041266
2198,0.0433454
2199,0.0425396
2200,0.0417929
2201,0.0411311
2202,0.0486843
2203,0.0443784
2204,0.0487258
2205,0.0452499
2206,0.0401204
2207,0.0407764
2208,0.0474451
2209,0.0457091
2210,0.0453412
2211,0.0442801
2212,0.0333661
2213,0.0354906
2214,0.0375784
2215,0.0370769
2216,0.0434726
2217,0.0418156
2218,0.0426403
2219,0.0415265
2220,0.0410206
2221,0.0387297
2222,0.0404817
2223,0.0429498
2224,0.0452458
2225,0.0447878
2226,0.0429166
2227,0.0431025
2228,0.0434329
2229,0.0434329
2230,0.0368033
2231,0.0434329
2232,0.0490328
2233,0.0434329
2234,0.0415662
2235,0.0409475
2236,0.039106
2237,0.0352976
2238,0.040676
2239,0.0384527
2240,0.0431378
2241,0.0396118
2242,0.0410534
2243,0.0382607
2244,0.0436624
2245,0.0441882
2246,0.052597
2247,0.0482591
2248,0.0428128
2249,0.043691
2250,0.0493742
2251,0.0477145
2252,0.0480411
2253,0.0467202
2254,0.0481928
2255,0.0480781
2256,0.0446219
2257,0.042023
2258,0.0525155
2259,0.0434329
2260,0.0470666
2261,0.0434329
2262,0.052644
2263,0.0434329
2264,0.0455166
2265,0.0456423
2266,0.0465701
2267,0.0434094
2268,0.0477236
2269,0.0470068
2270,0.0519926
2271,0.049965
2272,0.0462995
2273,0.0442116
2274,0.0454845
2275,0.0468428
2276,0.0467803
2277,0.0451416
2278,0.0503018
2279,0.0470157
2280,0.0466103
2281,0.0456924
2282,0.0434282
2283,0.0419454
2284,0.0501781
2285,0.0475828
2286,0.0507833
2287,0.0513505
2288,0.0473709
2289,0.0460638
2290,0.0477452
2291,0.0458979
2292,0.0540935
2293,0.0511234
2294,0.0438011
2295,0.0420053
2296,0.0435152
2297,0.0451141
2298,0.0435967
2299,0.0439252
2300,0.0455249
2301,0.0487531
2302,0.0479754
2303,0.0460968
2304,0.0457655
2305,0.0465886
2306,0.0384179
2307,0.0388606
2308,0.038681
2309,0.0386302
2310,0.0431658
2311,0.0449782
2312,0.0385223
2313,0.0365918
2314,0.043123
2315,0.0429304
2316,0.0416198
2317,0.0407988
2318,0.0429692
2319,0.0381978
2320,0.0389788
2321,0.0429701
2322,0.0390556
2323,0.0397141
2324,0.03764
2325,0.0369338
2326,0.0444346
2327,0.0428633
2328,0.0404506
2329,0.0431602
2330,0.0441901
2331,0.0428973
2332,0.0434329
2333,0.0418323
2334,0.0422092
2335,0.0422199
2336,0.0400489
2337,0.0400906
2338,0.0418769
2339,0.0427899
2340,0.0390907
2341,0.0407199
2342,0.0415947
2343,0.0410889
2344,0.0426548
2345,0.0401945
2346,0.0450106
2347,0.0452059
2348,0.0450248
2349,0.0453988
2350,0.0427689
2351,0.044339
2352,0.049351
2353,0.0495503
2354,0.044403
2355,0.0444642
2356,0.0439377
2357,0.0428697
2358,0.0440141
2359,0.0450369
2360,0.0430663
2361,0.041691
2362,0.0481638
2363,0.0438481
2364,0.0448149
2365,0.0459527
2366,0.0423729
2367,0.0496574
2368,0.0454618
2369,0.042179
2370,0.040239
2371,0.0398716
2372,0.0488174
2373,0.0509619
2374,0.0434329
2375,0.0439252
2376,0.0436253
2377,0.0421461
2378,0.0439338
2379,0.0393391
2380,0.0441521
2381,0.0443961
2382,0.0426457
2383,0.0465387
2384,0.0404016
2385,0.0415567
2386,0.0489464
2387,0.0444425
2388,0.0397836
2389,0.0402382
2390,0.039482
2391,0.0379449
2392,0.039106
2393,0.0404981
2394,0.0444454
2395,0.041407
2396,0.036708
2397,0.0370288
2398,0.044156
2399,0.0432807
2400,0.0427551
2401,0.0429572
2402,0.0451834
2403,0.0456631
2404,0.0489992
2405,0.0434329
2406,0.0442458
2407,0.0434329
2408,0.0468494
2409,0.0434329
2410,0.0389469
2411,0.0348937
2412,0.0512334
2413,0.0470057
2414,0.0442057
2415,0.0409794
2416,0.0448069
2417,0.0441579
2418,0.0435161
2419,0.0413727
2420,0.0490076
2421,0.0424655
2422,0.0463682
2423,0.0434
2424,0.0478274
2425,0.0463081
2426,0.0486192
2427,0.0440257
2428,0.0531378
2429,0.0501442
2430,0.0538344
2431,0.0485991
2432,0.0510725
2433,0.048559
2434,0.0477247
2435,0.0459675
2436,0.0470113
2437,0.0459781
2438,0.0463446
2439,0.043692
2440,0.0454866
2441,0.0387147
2442,0.0531844
2443,0.0491171
2444,0.0468669
2445,0.0508699
2446,0.0416962
2447,0.0424728
2448,0.0401865
2449,0.0462963
2450,0.0486879
2451,0.0500839
2452,0.0525376
2453,0.0509411
2454,0.0536754
2455,0.0495884
2456,0.0444553
2457,0.0450532
2458,0.0434329
2459,0.0447307
2460,0.0437025
2461,0.0454514
2462,0.0415792
2463,0.0425161
2464,0.0366804
2465,0.0386175
2466,0.0410374
2467,0.0434197
2468,0.0397606
2469,0.0397812
2470,0.0418445
2471,0.0379694
2472,0.0411743
2473,0.0430765
2474,0.0427204
2475,0.0403437
2476,0.0385572
2477,0.0364731
2478,0.0519386
2479,0.0510282
2480,0.0403502
2481,0.0416771
2482,0.0404375
2483,0.0432255
2484,0.0398113
2485,0.0402026
2486,0.041869
2487,0.0423549
2488,0.0472523
2489,0.0473967
2490,0.0398518
2491,0.0389249
2492,0.0357443
2493,0.0379651
2494,0.0422181
2495,0.0426094
2496,0.0481255
2497,0.0459485
2498,0.0400994
2499,0.0393074
2500,0.0434386
2501,0.0434839
2502,0.064255
2503,0.0657592
2504,0.0411133
2505,0.0381483
2506,0.0480665
2507,0.0483688
2508,0.038613
2509,0.0380938
2510,0.0423648
2511,0.0436338
2512,0.0492975
2513,0.0452417
2514,0.047567
2515,0.0474518
2516,0.0406454
2517,0.0407797
2518,0.0459527
2519,0.0441989
2520,0.0512623
2521,0.045996
2522,0.038875
2523,0.0397488
2524,0.0367579
2525,0.0375115
2526,0.0481
2527,0.0475545
2528,0.0368467
2529,0.0375045
2530,0.0416745
2531,0.0401155
2532,0.0414259
2533,0.0427332
2534,0.0478389
2535,0.0495995
2536,0.0496118
2537,0.0486417
2538,0.0405581
2539,0.0425704
2540,0.0419252
2541,0.0441657
2542,0.039878
2543,0.0434329
2544,0.0434329
2545,0.0434329
2546,0.0433755
2547,0.0434329
2548,0.0434329
2549,0.044606
2550,0.0489716
2551,0.0459295
2552,0.0458442
2553,0.042425
2554,0.0424646
2555,0.040413
2556,0.0440218
2557,0.0416398
2558,0.0420451
2559,0.0414903
2560,0.0444919
2561,0.0441316
2562,0.0567456
2563,0.0561419
2564,0.0434329
2565,0.0434329
2566,0.0502563
2567,0.0494976
2568,0.0485166
2569,0.0476349
2570,0.0487888
2571,0.0483828
2572,0.0492211
2573,0.0434113
2574,0.0439252
2575,0.0458537
2576,0.0387492
2577,0.0414534
2578,0.0379809
2579,0.0401284
2580,0.0454009
2581,0.0456538
2582,0.0407872
2583,0.040863
2584,0.0409601
2585,0.0409685
2586,0.0449984
2587,0.0448904
2588,0.0405433
2589,0.0407282
2590,0.0427159
2591,0.0453525
2592,0.0464274
2593,0.0428192
2594,0.0494572
2595,0.042389
2596,0.0440519
2597,0.0402739
2598,0.0395687
2599,0.0414053
2600,0.0441092
2601,0.0433981
2602,0.0460267
2603,0.0471776
2604,0.040369
2605,0.0413326
2606,0.039539
2607,0.0391053
2608,0.0377252
2609,0.0371409
2610,0.0424385
2611,0.0407922
2612,0.0447958
2613,0.0445553
2614,0.041324
2615,0.0442439
2616,0.0410804
2617,0.0410366
2618,0.0439512
2619,0.0448833
2620,0.0438712
2621,0.043149
2622,0.0457687
2623,0.0473844
2624,0.0472847
2625,0.0453669
2626,0.0434329
2627,0.0487817
2628,0.0423828
2629,0.0424547
2630,0.0451233
2631,0.0443872
2632,0.0481105
2633,0.0468812
2634,0.044154
2635,0.0457206
2636,0.0396912
2637,0.0376896
2638,0.0439001
2639,0.0404236
2640,0.043176
2641,0.0448642
2642,0.0434329
2643,0.0434329
2644,0.0434329
2645,0.040643
2646,0.0434329
2647,0.0441813
2648,0.041401
2649,0.0380757
2650,0.0444326
2651,0.0431965
2652,0.0444652
2653,0.0443223
2654,0.0423846
2655,0.042147
2656,0.0447868
2657,0.0437637
2658,0.054305
2659,0.0510582
2660,0.0400457
2661,0.0390663
2662,0.0490653
2663,0.0491364
2664,0.0453607
2665,0.0475138
2666,0.045297
2667,0.0462449
2668,0.0401792
2669,0.0396818
2670,0.041342
2671,0.0410155
2672,0.0401179
2673,0.0401897
2674,0.048144
2675,0.0515796
2676,0.0432348
2677,0.0437943
2678,0.0486511
2679,0.0483746
2680,0.0427579
2681,0.0433266
2682,0.0471198
2683,0.0429092
2684,0.0383745
2685,0.038141
2686,0.0453402
2687,0.0458726
2688,0.039917
2689,0.043517
2690,0.0469076
2691,0.0461627
2692,0.0447177
2693,0.042995
2694,0.0433821
2695,0.0417092
2696,1
2697,1
2698,1
2699,1
2700,1
2701,1
2702,1
2703,1
2704,1
2705,1
2706,1
2707,1
2708,1
2709,1
2710,1
2711,1
2712,1
2713,1
2714,1
2715,1
2716,1
2717,1
2718,1
2719,1
