0   0.0093269395   30    30     16     16
1   0.076359875   30    30     16     16
2   -0.035628319   30    30     16     16
3   0.042930705   30    30     16     16
4   0.013673269   30    30     16     16
5   -0.098867038   30    30     16     16
6   -0.0016708096   30    30     16     16
7   0.024272772   30    30     16     16
8   -0.017168498   30    30     16     16
9   0.045251323   30    30     16     16
10   0.0098143196   30    30     16     16
11   -0.010686252   30    30     16     16
12   -0.042933629   30    30     16     16
13   -0.044551091   30    30     16     16
14   -0.020914426   30    30     16     16
15   -0.10549326   30    30     16     16
16   -0.061050234   30    30     16     16
17   -0.070565665   30    30     16     16
18   0.0054821713   30    30     16     16
19   -0.0070036501   30    30     16     16
20   0.11661737   30    30     16     16
21   0.041483562   30    30     16     16
22   0.016298104   30    30     16     16
23   0.037272875   30    30     16     16
24   0.11589741   30    30     16     16
25   -0.0039479479   30    30     16     16
26   -0.032781999   30    30     16     16
27   -0.035453719   30    30     16     16
28   -0.02515672   30    30     16     16
29   0.044216528   30    30     16     16
30   -0.065060105   30    30     16     16
31   0.050576905   30    30     16     16
32   0.0043699892   30    30     16     16
33   -0.041519599   30    30     16     16
34   0.056441985   30    30     16     16
35   0.018607044   30    30     16     16
36   0.10885729   30    30     16     16
37   -0.097208705   30    30     16     16
38   0.11885472   30    30     16     16
39   -0.026716591   30    30     16     16
40   0.01606157   30    30     16     16
41   -0.092009431   30    30     16     16
42   0.025284432   30    30     16     16
43   -0.031442746   30    30     16     16
44   -0.049779823   30    30     16     16
45   0.016361572   30    30     16     16
46   -0.044752695   30    30     16     16
47   -0.038933779   30    30     16     16
48   0.018605841   30    30     16     16
49   -0.029854258   30    30     16     16
50   -0.070837097   30    30     16     16
51   0.06392701   30    30     16     16
52   0.040276765   30    30     16     16
53   -0.0084929879   30    30     16     16
54   0.013884341   30    30     16     16
55   -0.050507704   30    30     16     16
56   -0.047399592   30    30     16     16
57   0.0029881986   30    30     16     16
58   0.056234714   30    30     16     16
59   -0.03560233   30    30     16     16
60   -0.0274108   30    30     16     16
61   0.065846719   30    30     16     16
62   -0.035287984   30    30     16     16
63   0.01761029   30    30     16     16
64   -0.055639282   30    30     16     16
65   -0.018357139   30    30     16     16
66   -0.06833499   30    30     16     16
67   0.040991362   30    30     16     16
68   -0.03191471   30    30     16     16
69   0.062330793   30    30     16     16
70   0.036142172   30    30     16     16
71   -0.096768735   30    30     16     16
72   0.014626785   30    30     16     16
73   0.025181327   30    30     16     16
74   0.020477499   30    30     16     16
75   -0.059672136   30    30     16     16
76   0.075175644   30    30     16     16
77   -0.075272794   30    30     16     16
78   0.032536634   30    30     16     16
79   0.016844594   30    30     16     16
80   0.028124703   30    30     16     16
81   -0.07811175   30    30     16     16
82   -0.089137314   30    30     16     16
83   0.023054405   30    30     16     16
84   -0.063029964   30    30     16     16
85   -0.097586622   30    30     16     16
86   -0.10915816   30    30     16     16
87   0.040299617   30    30     16     16
88   -0.021693303   30    30     16     16
89   -0.065224415   30    30     16     16
90   -0.061914844   30    30     16     16
91   -0.10831785   30    30     16     16
92   -0.077642543   30    30     16     16
93   0.016821859   30    30     16     16
94   -0.078637921   30    30     16     16
95   -0.03167592   30    30     16     16
96   -0.012834207   30    30     16     16
97   0.12425482   30    30     16     16
98   0.0033190899   30    30     16     16
99   0.064483246   30    30     16     16
100   -0.046992579   30    30     16     16
101   0.028733892   30    30     16     16
102   -0.016566811   30    30     16     16
103   0.074873208   30    30     16     16
104   0.043115755   30    30     16     16
105   0.034457535   30    30     16     16
106   0.057717768   30    30     16     16
107   0.0082118558   30    30     16     16
108   0.11276532   30    30     16     16
109   -0.085130485   30    30     16     16
110   -0.0021251126   30    30     16     16
111   -0.015636632   30    30     16     16
112   0.079591036   30    30     16     16
113   0.017711701   30    30     16     16
114   -0.087581694   30    30     16     16
115   0.020296158   30    30     16     16
116   -0.03516911   30    30     16     16
117   -0.031151235   30    30     16     16
118   -0.031968781   30    30     16     16
119   0.085181646   30    30     16     16
120   -0.050096077   30    30     16     16
121   -0.0018769166   30    30     16     16
122   0.082788934   30    30     16     16
123   -0.061253997   30    30     16     16
124   0.014641929   30    30     16     16
125   -0.085066079   30    30     16     16
126   0.063344175   30    30     16     16
127   -0.046410604   30    30     16     16
128   -0.044565983   30    30     16     16
129   0.10336268   30    30     16     16
130   0.017917338   30    30     16     16
131   -0.069357008   30    30     16     16
132   -0.026329501   30    30     16     16
133   0.023215488   30    30     16     16
134   -0.019438408   30    30     16     16
135   0.034487997   30    30     16     16
136   0.02668183   30    30     16     16
137   -0.028356657   30    30     16     16
138   -0.020693418   30    30     16     16
139   -0.072767302   30    30     16     16
140   -0.01807765   30    30     16     16
141   0.0052517579   30    30     16     16
142   -0.034856395   30    30     16     16
143   0.12862838   30    30     16     16
144   -0.013598205   30    30     16     16
145   0.035104998   30    30     16     16
146   -0.093961027   30    30     16     16
147   -0.05335821   30    30     16     16
148   -0.06311389   30    30     16     16
149   0.017728507   30    30     16     16
150   0.083337759   30    30     16     16
151   0.016396986   30    30     16     16
152   -0.05153989   30    30     16     16
153   0.089079873   30    30     16     16
154   -0.064001048   30    30     16     16
155   -0.0018564388   30    30     16     16
156   -0.022167175   30    30     16     16
157   0.059888177   30    30     16     16
158   -0.052796448   30    30     16     16
159   -0.036318759   30    30     16     16
160   -0.034423426   30    30     16     16
161   -0.031824857   30    30     16     16
162   -0.03161383   30    30     16     16
163   0.07790463   30    30     16     16
164   -0.068942775   30    30     16     16
165   -0.032468941   30    30     16     16
166   -0.024023862   30    30     16     16
167   -0.034237354   30    30     16     16
168   0.06175078   30    30     16     16
169   -0.0058151368   30    30     16     16
170   -0.044837162   30    30     16     16
171   0.099183343   30    30     16     16
172   0.0027344513   30    30     16     16
173   0.043812774   30    30     16     16
174   -0.0034879607   30    30     16     16
175   0.049831231   30    30     16     16
176   -0.050377526   30    30     16     16
177   -0.10593643   30    30     16     16
178   -0.018909084   30    30     16     16
179   -0.010278778   30    30     16     16
180   -0.10355713   30    30     16     16
181   -0.063790827   30    30     16     16
182   -0.066685375   30    30     16     16
183   -0.027192918   30    30     16     16
184   0.0083644881   30    30     16     16
185   -0.048754023   30    30     16     16
186   -0.0053164708   30    30     16     16
187   -0.019941879   30    30     16     16
188   -0.010647319   30    30     16     16
189   0.0078662579   30    30     16     16
190   -0.09013689   30    30     16     16
191   -0.080809566   30    30     16     16
192   0.016190897   30    30     16     16
193   0.0032545343   30    30     16     16
194   -0.085409977   30    30     16     16
195   0.035120957   30    30     16     16
196   -0.053923862   30    30     16     16
197   -0.026884857   30    30     16     16
198   -0.019150526   30    30     16     16
199   -0.022360336   30    30     16     16
200   -0.0044760263   30    30     16     16
201   0.05818067   30    30     16     16
202   0.018004951   30    30     16     16
203   -0.040851062   30    30     16     16
204   0.025166605   30    30     16     16
205   -0.028013088   30    30     16     16
206   0.11744872   30    30     16     16
207   -0.04438733   30    30     16     16
208   0.10103582   30    30     16     16
209   -0.027158832   30    30     16     16
210   -0.092826245   30    30     16     16
211   -0.060657479   30    30     16     16
212   -0.033643123   30    30     16     16
213   0.050017948   30    30     16     16
214   0.057203114   30    30     16     16
215   0.033222735   30    30     16     16
216   -0.009417784   30    30     16     16
217   -0.04238376   30    30     16     16
218   -0.11461119   30    30     16     16
219   0.1198468   30    30     16     16
220   -0.074824032   30    30     16     16
221   -0.024899169   30    30     16     16
222   -0.02395945   30    30     16     16
223   0.086389558   30    30     16     16
224   -0.080317432   30    30     16     16
225   -0.062470852   30    30     16     16
226   -0.081439658   30    30     16     16
227   -0.024897975   30    30     16     16
228   -0.098801966   30    30     16     16
229   0.023719344   30    30     16     16
230   -0.043849603   30    30     16     16
231   -0.03063922   30    30     16     16
232   -0.0081608484   30    30     16     16
233   0.046572818   30    30     16     16
234   -0.01995837   30    30     16     16
235   -0.0085340215   30    30     16     16
236   -0.031007717   30    30     16     16
237   0.041754699   30    30     16     16
238   0.02708761   30    30     16     16
239   0.015178929   30    30     16     16
240   -0.094563579   30    30     16     16
241   0.044240063   30    30     16     16
242   -0.079910543   30    30     16     16
243   -0.0070479432   30    30     16     16
244   0.089592797   30    30     16     16
245   -0.0063740801   30    30     16     16
246   -0.036332965   30    30     16     16
247   0.054659675   30    30     16     16
248   -0.049979349   30    30     16     16
249   0.081042896   30    30     16     16
250   -0.045998292   30    30     16     16
251   0.042013036   30    30     16     16
252   -0.073274677   30    30     16     16
253   0.027121767   30    30     16     16
254   -0.020361879   30    30     16     16
255   0.02374996   30    30     16     16
256   -0.083770673   30    30     16     16
257   0.0052416416   30    30     16     16
258   -0.065192394   30    30     16     16
259   -0.025041974   30    30     16     16
260   0.048927867   30    30     16     16
261   -0.036271061   30    30     16     16
262   0.00069046449   30    30     16     16
263   -0.00072058182   30    30     16     16
264   -0.018788556   30    30     16     16
265   -0.06151547   30    30     16     16
266   0.055677046   30    30     16     16
267   0.099951018   30    30     16     16
268   -0.056154463   30    30     16     16
269   -0.012213385   30    30     16     16
270   -0.002718575   30    30     16     16
271   -0.014085264   30    30     16     16
272   0.1075658   30    30     16     16
273   -0.028181682   30    30     16     16
274   -0.10324356   30    30     16     16
275   -0.016340165   30    30     16     16
276   -0.029907979   30    30     16     16
277   0.0040256761   30    30     16     16
278   0.014172804   30    30     16     16
279   0.019906357   30    30     16     16
280   -0.073477736   30    30     16     16
281   0.0070042605   30    30     16     16
282   -0.032132736   30    30     16     16
283   -0.033619507   30    30     16     16
284   0.02018271   30    30     16     16
285   0.034909249   30    30     16     16
286   -0.040772952   30    30     16     16
287   0.068043626   30    30     16     16
288   0.016842603   30    30     16     16
289   0.039516603   30    30     16     16
290   -0.031205524   30    30     16     16
291   -0.099533795   30    30     16     16
292   0.013799436   30    30     16     16
293   0.095828583   30    30     16     16
294   -0.10065058   30    30     16     16
295   -0.020290457   30    30     16     16
296   -0.022680236   30    30     16     16
297   0.00066140712   30    30     16     16
298   -0.059741967   30    30     16     16
299   -0.0039752185   30    30     16     16
300   -0.0071501653   30    30     16     16
301   -0.11148427   30    30     16     16
302   -0.014652455   30    30     16     16
303   -0.067103799   30    30     16     16
304   -0.029480253   30    30     16     16
305   -0.062916641   30    30     16     16
306   -0.053514933   30    30     16     16
307   -0.047025944   30    30     16     16
308   -0.018164579   30    30     16     16
309   -0.022582898   30    30     16     16
310   -0.00024860189   30    30     16     16
311   0.039632731   30    30     16     16
312   0.041913752   30    30     16     16
313   0.062666301   30    30     16     16
314   -0.048347119   30    30     16     16
315   -0.08537423   30    30     16     16
316   0.0013668559   30    30     16     16
317   -0.050253008   30    30     16     16
318   0.048849577   30    30     16     16
319   0.053022768   30    30     16     16
320   -0.082540232   30    30     16     16
321   -0.036362706   30    30     16     16
322   -0.047345623   30    30     16     16
323   0.0062556128   30    30     16     16
324   0.07913654   30    30     16     16
325   -0.0068318391   30    30     16     16
326   -0.015004485   30    30     16     16
327   -0.012046392   30    30     16     16
328   0.093997233   30    30     16     16
329   -0.011218057   30    30     16     16
330   0.040772453   30    30     16     16
331   0.061578463   30    30     16     16
332   -0.030394039   30    30     16     16
333   0.034807836   30    30     16     16
334   0.03022883   30    30     16     16
335   0.11864999   30    30     16     16
336   0.070086283   30    30     16     16
337   0.053562629   30    30     16     16
338   -0.017930917   30    30     16     16
339   -0.014484917   30    30     16     16
340   0.097341058   30    30     16     16
341   -0.016680635   30    30     16     16
342   -0.028028137   30    30     16     16
343   -0.11566664   30    30     16     16
344   0.081756033   30    30     16     16
345   0.025918284   30    30     16     16
346   0.057195655   30    30     16     16
347   -0.093857176   30    30     16     16
348   -0.037446934   30    30     16     16
349   -0.068718944   30    30     16     16
350   -0.10946396   30    30     16     16
351   0.009924845   30    30     16     16
352   0.079728638   30    30     16     16
353   -0.010614382   30    30     16     16
354   -0.0044591268   30    30     16     16
355   0.013427681   30    30     16     16
356   -0.032826237   30    30     16     16
357   -0.046405401   30    30     16     16
358   0.097803864   30    30     16     16
359   0.044528119   30    30     16     16
360   0.13706755   30    30     16     16
361   0.11202345   30    30     16     16
362   -0.013617105   30    30     16     16
363   -0.085721009   30    30     16     16
364   -0.024754887   30    30     16     16
365   0.01649046   30    30     16     16
366   -0.058725062   30    30     16     16
367   -0.079720094   30    30     16     16
368   -0.041784918   30    30     16     16
369   0.091626428   30    30     16     16
370   0.018096461   30    30     16     16
371   -0.043664977   30    30     16     16
372   -0.019853218   30    30     16     16
373   0.045028418   30    30     16     16
374   0.084068693   30    30     16     16
375   0.0072255339   30    30     16     16
376   -0.0068390928   30    30     16     16
377   0.059849573   30    30     16     16
378   -0.0099872317   30    30     16     16
379   -0.1116758   30    30     16     16
380   -0.032739739   30    30     16     16
381   0.09463729   30    30     16     16
382   0.087007107   30    30     16     16
383   0.048417477   30    30     16     16
384   0.069763907   30    30     16     16
385   0.034631759   30    30     16     16
386   -0.001301745   30    30     16     16
387   0.01698465   30    30     16     16
388   -0.11831436   30    30     16     16
389   0.026392113   30    30     16     16
390   0.080270928   30    30     16     16
391   -0.027106369   30    30     16     16
392   0.01223685   30    30     16     16
393   0.033223092   30    30     16     16
394   0.071425596   30    30     16     16
395   0.017212867   30    30     16     16
396   0.028516932   30    30     16     16
397   0.1205037   30    30     16     16
398   0.087777443   30    30     16     16
399   0.0041730637   30    30     16     16
400   -0.024936348   30    30     16     16
401   -0.021315096   30    30     16     16
402   -0.014955575   30    30     16     16
403   0.019210203   30    30     16     16
404   -0.06970018   30    30     16     16
405   -0.018854403   30    30     16     16
406   0.044139291   30    30     16     16
407   0.030800369   30    30     16     16
408   -0.036805545   30    30     16     16
409   0.08293126   30    30     16     16
410   -0.0055834025   30    30     16     16
411   -0.020809963   30    30     16     16
412   -0.039324222   30    30     16     16
413   -0.077359777   30    30     16     16
414   0.054203023   30    30     16     16
415   0.0043546009   30    30     16     16
416   0.02241365   30    30     16     16
417   0.084774906   30    30     16     16
418   0.028008795   30    30     16     16
419   0.030228017   30    30     16     16
420   0.12703738   30    30     16     16
421   0.10244723   30    30     16     16
422   0.021871394   30    30     16     16
423   -0.048382468   30    30     16     16
424   0.040959571   30    30     16     16
425   -0.048546751   30    30     16     16
426   0.0057788857   30    30     16     16
427   -0.026306354   30    30     16     16
428   -0.014923401   30    30     16     16
429   -0.012568306   30    30     16     16
430   -0.08540196   30    30     16     16
431   0.020883614   30    30     16     16
432   0.11287355   30    30     16     16
433   0.022856165   30    30     16     16
434   -0.081517272   30    30     16     16
435   0.0092680108   30    30     16     16
436   0.05061465   30    30     16     16
437   -0.040461945   30    30     16     16
438   0.012760096   30    30     16     16
439   -0.0087897819   30    30     16     16
440   0.090778747   30    30     16     16
441   0.10459104   30    30     16     16
442   0.049375165   30    30     16     16
443   0.0065435907   30    30     16     16
444   -0.050821412   30    30     16     16
445   -0.066711446   30    30     16     16
446   -0.017886487   30    30     16     16
447   0.049673711   30    30     16     16
448   -0.01441345   30    30     16     16
449   -0.053894879   30    30     16     16
450   0.0027730737   30    30     16     16
451   0.026319812   30    30     16     16
452   -0.072102479   30    30     16     16
453   -0.087835522   30    30     16     16
454   0.073229491   30    30     16     16
455   -0.10058881   30    30     16     16
456   0.063662245   30    30     16     16
457   0.010364984   30    30     16     16
458   -0.0025710363   30    30     16     16
459   -0.025786249   30    30     16     16
460   0.089961397   30    30     16     16
461   0.019690058   30    30     16     16
462   0.032658762   30    30     16     16
463   0.010055941   30    30     16     16
464   0.12937304   30    30     16     16
465   0.058642017   30    30     16     16
466   0.12695941   30    30     16     16
467   -0.0032301182   30    30     16     16
468   0.032092818   30    30     16     16
469   0.16392817   30    30     16     16
470   0.037174623   30    30     16     16
471   -0.053473365   30    30     16     16
472   0.074816435   30    30     16     16
473   0.072553894   30    30     16     16
474   -0.031293081   30    30     16     16
475   0.097388344   30    30     16     16
476   -0.07851014   30    30     16     16
477   0.0059044067   30    30     16     16
478   0.12880822   30    30     16     16
479   0.031539018   30    30     16     16
480   0.038479432   30    30     16     16
481   -0.066371814   30    30     16     16
482   -0.02834624   30    30     16     16
483   0.085496986   30    30     16     16
484   0.053591834   30    30     16     16
485   -0.026106002   30    30     16     16
486   -0.030135521   30    30     16     16
487   -0.041038984   30    30     16     16
488   -0.011796823   30    30     16     16
489   0.002212026   30    30     16     16
490   -0.091900125   30    30     16     16
491   -0.012266811   30    30     16     16
492   -0.037931412   30    30     16     16
493   -0.025707174   30    30     16     16
494   -0.065894058   30    30     16     16
495   0.012051207   30    30     16     16
496   -0.0096202596   30    30     16     16
497   -0.064447735   30    30     16     16
498   -0.084825458   30    30     16     16
499   0.0095975347   30    30     16     16
500   -0.042229597   30    30     16     16
501   0.052949528   30    30     16     16
502   0.00068483153   30    30     16     16
503   -0.037467785   30    30     16     16
504   0.060034115   30    30     16     16
505   -0.026314696   30    30     16     16
506   0.015053218   30    30     16     16
507   0.03967001   30    30     16     16
508   0.032965274   30    30     16     16
509   -0.11513751   30    30     16     16
510   -0.021591667   30    30     16     16
511   -0.018567331   30    30     16     16
512   -0.026114531   30    30     16     16
513   -0.093651149   30    30     16     16
514   -0.025887281   30    30     16     16
515   0.072420375   30    30     16     16
516   -0.027298745   30    30     16     16
517   -0.061775969   30    30     16     16
518   -0.0015242611   30    30     16     16
519   -0.048545377   30    30     16     16
520   -0.024964645   30    30     16     16
521   0.023906126   30    30     16     16
522   -0.0056016361   30    30     16     16
523   0.014806856   30    30     16     16
524   0.042631759   30    30     16     16
525   0.11962304   30    30     16     16
526   0.010094878   30    30     16     16
527   -0.059938329   30    30     16     16
528   0.077910793   30    30     16     16
529   0.097683307   30    30     16     16
530   0.072951028   30    30     16     16
531   0.35497632   30    30     16     16
532   0.091950077   30    30     16     16
533   0.10071288   30    30     16     16
534   -0.080366249   30    30     16     16
535   0.031793028   30    30     16     16
536   -0.03331964   30    30     16     16
537   -0.031137495   30    30     16     16
538   -0.057576344   30    30     16     16
539   0.0001481422   30    30     16     16
540   0.021978453   30    30     16     16
541   0.08326971   30    30     16     16
542   0.083613517   30    30     16     16
543   0.012828163   30    30     16     16
544   0.017274305   30    30     16     16
545   -0.058363431   30    30     16     16
546   0.14161003   30    30     16     16
547   0.015537915   30    30     16     16
548   0.049654567   30    30     16     16
549   -0.011735779   30    30     16     16
550   -0.035661509   30    30     16     16
551   0.097190665   30    30     16     16
552   -0.012427137   30    30     16     16
553   -0.080181394   30    30     16     16
554   0.0041259739   30    30     16     16
555   -0.046481897   30    30     16     16
556   -0.05758307   30    30     16     16
557   0.046996922   30    30     16     16
558   -0.07745945   30    30     16     16
559   0.035066917   30    30     16     16
560   0.12625877   30    30     16     16
561   0.0041553496   30    30     16     16
562   0.031172492   30    30     16     16
563   0.091091356   30    30     16     16
564   0.057864268   30    30     16     16
565   0.12109252   30    30     16     16
566   -0.00020162221   30    30     16     16
567   -0.037514458   30    30     16     16
568   0.035376675   30    30     16     16
569   0.085949035   30    30     16     16
570   0.083899761   30    30     16     16
571   -0.019688543   30    30     16     16
572   -0.01502025   30    30     16     16
573   0.094002861   30    30     16     16
574   0.063261642   30    30     16     16
575   -0.074508554   30    30     16     16
576   0.00047804942   30    30     16     16
577   -0.075246631   30    30     16     16
578   0.047483619   30    30     16     16
579   -0.096717992   30    30     16     16
580   -0.044228519   30    30     16     16
581   0.096426256   30    30     16     16
582   0.024453744   500   500    267    267
583   0.02438879   30    30     16     16
584   -0.018125817   30    30     16     16
585   0.027982565   30    30     16     16
586   0.079567486   30    30     16     16
587   0.099174751   30    30     16     16
588   -0.0044055397   30    30     16     16
589   0.045213247   30    30     16     16
590   0.013979525   30    30     16     16
591   -0.067423982   30    30     16     16
592   -0.048571499   30    30     16     16
593   0.14343789   30    30     16     16
594   -0.065278037   30    30     16     16
595   0.066132974   30    30     16     16
596   0.15633984   30    30     16     16
597   0.028410164   30    30     16     16
598   0.055289683   30    30     16     16
599   0.033659186   30    30     16     16
600   0.032241672   30    30     16     16
601   0.04710718   30    30     16     16
602   -0.041661211   30    30     16     16
603   -0.08924674   30    30     16     16
604   0.053273146   30    30     16     16
605   0.091860752   30    30     16     16
606   -0.026809985   30    30     16     16
607   0.068783372   30    30     16     16
608   0.11856112   30    30     16     16
609   0.16474252   500   500    267    267
610   0.10214311   500   500    267    267
611   0.020126242   30    30     16     16
612   0.086199307   30    30     16     16
613   -0.050876488   30    30     16     16
614   -0.031654131   30    30     16     16
615   -0.049132345   30    30     16     16
616   0.048168763   30    30     16     16
617   -0.059874292   30    30     16     16
618   -0.012207251   30    30     16     16
619   -0.052867463   30    30     16     16
620   0.093589262   30    30     16     16
621   0.016383666   30    30     16     16
622   -0.0012389729   30    30     16     16
623   0.009681531   30    30     16     16
624   -0.027287951   30    30     16     16
625   0.10542513   30    30     16     16
626   -0.069392966   30    30     16     16
627   0.075160628   30    30     16     16
628   -0.096951516   30    30     16     16
629   -0.096493392   30    30     16     16
630   -0.017939083   30    30     16     16
631   0.00061738592   30    30     16     16
632   0.063617993   30    30     16     16
633   -0.10430698   30    30     16     16
634   0.010104997   30    30     16     16
635   -0.034751091   30    30     16     16
636   -0.01691492   30    30     16     16
637   -0.09160059   500   500    267    267
638   -0.0048684673   30    30     16     16
639   0.047906235   30    30     16     16
640   0.028471303   30    30     16     16
641   -0.038707879   30    30     16     16
642   0.075875418   30    30     16     16
643   -0.0037365868   30    30     16     16
644   -0.032832021   30    30     16     16
645   -0.075616576   30    30     16     16
646   -0.013868284   30    30     16     16
647   0.10086616   30    30     16     16
648   0.090361478   30    30     16     16
649   0.057029348   30    30     16     16
650   -0.026297931   30    30     16     16
651   -0.019602036   30    30     16     16
652   0.027173958   30    30     16     16
653   0.017993062   30    30     16     16
654   -0.0026221207   30    30     16     16
655   -0.007552954   30    30     16     16
656   -0.012406868   30    30     16     16
657   0.052147315   30    30     16     16
658   -0.12394231   30    30     16     16
659   -0.1101305   30    30     16     16
660   0.085552227   30    30     16     16
661   0.1029696   30    30     16     16
662   0.11111497   30    30     16     16
663   0.10383003   30    30     16     16
664   -0.048946542   30    30     16     16
665   0.084066062   30    30     16     16
666   -0.040913657   30    30     16     16
667   -0.029912123   30    30     16     16
668   0.014706988   30    30     16     16
669   0.02944243   30    30     16     16
670   -0.040946109   30    30     16     16
671   -0.0013162113   30    30     16     16
672   -0.079846349   30    30     16     16
673   -0.014961673   30    30     16     16
674   0.084213458   30    30     16     16
675   0.015921149   30    30     16     16
676   0.024543551   30    30     16     16
677   0.079790795   30    30     16     16
678   -0.063900974   30    30     16     16
679   -0.10273525   30    30     16     16
680   -0.0075306505   30    30     16     16
681   0.02020091   30    30     16     16
682   0.073256642   30    30     16     16
683   -0.066162608   30    30     16     16
684   0.019255494   30    30     16     16
685   -0.03906302   30    30     16     16
686   0.069684253   30    30     16     16
687   -0.13166306   30    30     16     16
688   -0.019852756   30    30     16     16
689   -0.0088827891   30    30     16     16
690   -0.0089895753   30    30     16     16
691   0.026496017   30    30     16     16
692   0.068312511   30    30     16     16
693   -0.082170378   30    30     16     16
694   0.0078817629   30    30     16     16
695   -0.05964288   30    30     16     16
696   0.12591827   30    30     16     16
697   0.076834153   30    30     16     16
698   -0.042574328   30    30     16     16
699   -0.0065744972   30    30     16     16
700   0.075032852   30    30     16     16
701   -0.064843327   30    30     16     16
702   -0.029096286   30    30     16     16
703   0.020762599   30    30     16     16
704   0.086968066   30    30     16     16
705   0.00023632578   30    30     16     16
706   0.07199136   30    30     16     16
707   -0.029818303   30    30     16     16
708   0.044276012   30    30     16     16
709   0.053450902   30    30     16     16
710   0.099608327   30    30     16     16
711   -0.047627177   30    30     16     16
712   0.078042145   30    30     16     16
713   0.0057044983   30    30     16     16
714   -0.010405994   30    30     16     16
715   -0.037976607   30    30     16     16
716   0.026303533   30    30     16     16
717   -0.075481725   30    30     16     16
718   -0.084651411   30    30     16     16
719   0.021346235   30    30     16     16
720   0.084186888   30    30     16     16
721   -0.035815262   30    30     16     16
722   0.014368175   30    30     16     16
723   -0.018668747   30    30     16     16
724   0.020620209   30    30     16     16
725   0.003367482   30    30     16     16
726   -0.10338628   30    30     16     16
727   -0.073540974   30    30     16     16
728   -0.025681964   30    30     16     16
729   -0.05199386   30    30     16     16
730   0.019336279   30    30     16     16
731   -0.018816366   30    30     16     16
732   -0.0082744187   30    30     16     16
733   -0.046841884   30    30     16     16
734   0.061776997   30    30     16     16
735   -0.011658603   30    30     16     16
736   -0.094631086   30    30     16     16
737   -0.038424203   30    30     16     16
738   -0.088818318   30    30     16     16
739   -0.10484945   30    30     16     16
740   -0.048546754   30    30     16     16
741   -0.07036114   30    30     16     16
742   -0.032749906   30    30     16     16
743   0.0033996091   30    30     16     16
744   0.036790422   30    30     16     16
745   -0.053584543   30    30     16     16
746   -0.029402702   30    30     16     16
747   0.14653384   30    30     16     16
748   -0.11211095   30    30     16     16
749   -0.086084145   30    30     16     16
750   0.064944239   30    30     16     16
751   0.016794643   30    30     16     16
752   -0.018329257   30    30     16     16
753   0.0023871278   30    30     16     16
754   -0.0010562129   30    30     16     16
755   0.062904209   30    30     16     16
756   -0.051180534   30    30     16     16
757   -0.02507123   30    30     16     16
758   -0.051170233   30    30     16     16
759   -0.062942333   30    30     16     16
760   -0.066214323   30    30     16     16
761   0.033800837   30    30     16     16
762   0.051842602   30    30     16     16
763   0.0077369569   30    30     16     16
764   -0.035277061   30    30     16     16
765   -0.034175854   30    30     16     16
766   -0.01373242   30    30     16     16
767   0.049003528   30    30     16     16
768   -0.062355419   30    30     16     16
769   0.0099072126   30    30     16     16
770   0.094023464   30    30     16     16
771   -0.094428024   30    30     16     16
772   0.088777541   30    30     16     16
773   -0.029108436   30    30     16     16
774   -0.020355393   30    30     16     16
775   0.0048495766   30    30     16     16
776   -0.0030671787   30    30     16     16
777   -0.027090327   30    30     16     16
778   0.073246051   30    30     16     16
779   0.06195801   30    30     16     16
780   0.023664784   30    30     16     16
781   0.13629325   30    30     16     16
782   0.1489162   30    30     16     16
783   0.046164718   30    30     16     16
784   0.063925675   30    30     16     16
785   0.13909292   30    30     16     16
786   -0.068913005   30    30     16     16
787   0.002863622   30    30     16     16
788   -0.13111215   30    30     16     16
789   0.070581486   30    30     16     16
790   -0.077641061   30    30     16     16
791   0.087566187   30    30     16     16
792   0.074092616   30    30     16     16
793   -0.065954897   30    30     16     16
794   -0.048124463   30    30     16     16
795   0.091595727   30    30     16     16
796   0.026881599   30    30     16     16
797   0.068495851   30    30     16     16
798   0.010235828   30    30     16     16
799   -0.10071963   30    30     16     16
800   0.15935896   30    30     16     16
801   -0.080101654   30    30     16     16
802   -0.045346104   30    30     16     16
803   -0.044024388   30    30     16     16
804   -0.00040896336   30    30     16     16
805   0.032432852   30    30     16     16
806   -0.0091541468   30    30     16     16
807   0.00058212855   30    30     16     16
808   0.0055307807   30    30     16     16
809   -0.0086191279   30    30     16     16
810   -0.10417351   30    30     16     16
811   -0.13646451   30    30     16     16
812   0.077148693   30    30     16     16
813   -0.036687863   30    30     16     16
814   0.033586444   30    30     16     16
815   -0.052572665   30    30     16     16
816   -0.064570344   30    30     16     16
817   0.13161566   30    30     16     16
818   0.05032566   30    30     16     16
819   0.14102806   30    30     16     16
820   -0.0041590518   30    30     16     16
821   0.031266262   30    30     16     16
822   0.062852471   30    30     16     16
823   -0.13078512   30    30     16     16
824   0.086688324   30    30     16     16
825   -0.04183093   30    30     16     16
826   -0.044975771   30    30     16     16
827   -0.092269497   30    30     16     16
828   0.028953352   30    30     16     16
829   -0.023539143   30    30     16     16
830   0.022473212   30    30     16     16
831   -0.021530403   30    30     16     16
832   0.015504519   30    30     16     16
833   -0.042932905   30    30     16     16
834   0.029859044   30    30     16     16
835   -0.046428289   30    30     16     16
836   0.050434096   30    30     16     16
837   -0.13656462   30    30     16     16
838   0.047188864   30    30     16     16
839   0.0048967729   30    30     16     16
840   -0.059735195   30    30     16     16
841   -0.011603014   30    30     16     16
842   -0.11375065   30    30     16     16
843   -0.025806399   30    30     16     16
844   0.0075930474   30    30     16     16
845   0.090367055   30    30     16     16
846   -0.12060729   30    30     16     16
847   0.12548869   30    30     16     16
848   0.12639035   30    30     16     16
849   0.115349   30    30     16     16
850   0.028008576   30    30     16     16
851   -0.017915095   30    30     16     16
852   -0.12961509   30    30     16     16
853   0.10352837   30    30     16     16
854   -0.046548984   30    30     16     16
855   -0.08222548   30    30     16     16
856   0.012718014   30    30     16     16
857   0.018764037   30    30     16     16
858   0.024457815   30    30     16     16
859   0.056951493   30    30     16     16
860   0.14119617   30    30     16     16
861   0.14369213   30    30     16     16
862   -0.032454959   30    30     16     16
863   -0.11572011   30    30     16     16
864   -0.12309051   30    30     16     16
865   0.063987256   30    30     16     16
866   -0.00094552608   30    30     16     16
867   0.018055371   30    30     16     16
868   0.00099527902   30    30     16     16
869   -0.02474212   30    30     16     16
870   0.0037942763   30    30     16     16
871   0.12480012   30    30     16     16
872   -0.014020874   30    30     16     16
873   -0.043792578   30    30     16     16
874   -0.11399278   30    30     16     16
875   0.02707329   30    30     16     16
876   0.087981552   30    30     16     16
877   0.10391266   30    30     16     16
878   0.056955133   30    30     16     16
879   0.056688362   30    30     16     16
880   0.146426   30    30     16     16
881   0.021183902   30    30     16     16
882   0.045413788   30    30     16     16
883   -0.061257295   30    30     16     16
884   0.026920795   30    30     16     16
885   0.056108305   30    30     16     16
886   -0.069585745   30    30     16     16
887   -0.067379075   30    30     16     16
888   -0.091455136   30    30     16     16
889   0.0099130677   30    30     16     16
890   -0.10831473   30    30     16     16
891   -0.13085761   30    30     16     16
892   -0.087897308   30    30     16     16
893   0.04012618   30    30     16     16
894   0.013718835   30    30     16     16
895   0.14824565   30    30     16     16
896   0.18348194   30    30     16     16
897   -0.069283145   30    30     16     16
898   -0.1409257   30    30     16     16
899   -0.064879953   30    30     16     16
900   0.051880453   30    30     16     16
901   -0.018488532   30    30     16     16
902   0.084198379   30    30     16     16
903   0.03111217   30    30     16     16
904   -0.049970395   30    30     16     16
905   0.096557567   30    30     16     16
906   -0.074372902   30    30     16     16
907   0.010900261   30    30     16     16
908   -0.021621612   30    30     16     16
909   -0.10254533   30    30     16     16
910   -0.038162047   30    30     16     16
911   -0.038314687   30    30     16     16
912   0.14870635   30    30     16     16
913   -0.059157302   30    30     16     16
914   -0.15508207   30    30     16     16
915   0.02164272   30    30     16     16
916   -0.022861501   30    30     16     16
917   -0.016203105   30    30     16     16
918   -0.1066056   30    30     16     16
919   0.10959453   30    30     16     16
920   -0.13765157   30    30     16     16
921   -0.10159703   30    30     16     16
922   0.0034218715   30    30     16     16
923   0.046498479   30    30     16     16
924   0.0055403609   30    30     16     16
925   0.022494424   30    30     16     16
926   -0.017089248   30    30     16     16
927   0.035253286   30    30     16     16
928   0.032058834   30    30     16     16
929   0.022661565   30    30     16     16
930   -0.007145679   30    30     16     16
931   0.0057275232   30    30     16     16
932   -0.039911195   30    30     16     16
933   0.0098914833   30    30     16     16
934   -0.051048435   30    30     16     16
935   -0.12306248   30    30     16     16
936   0.022356559   30    30     16     16
937   0.13197339   30    30     16     16
938   -0.069768164   30    30     16     16
939   0.10853329   30    30     16     16
940   -0.044581728   30    30     16     16
941   -0.15090313   30    30     16     16
942   -0.077670853   30    30     16     16
943   0.0053394383   30    30     16     16
944   0.043652746   30    30     16     16
945   -0.10045862   30    30     16     16
946   0.021282273   30    30     16     16
947   0.041112038   30    30     16     16
948   0.0030484161   30    30     16     16
949   0.15446826   30    30     16     16
950   0.076131144   30    30     16     16
951   -0.011331864   30    30     16     16
952   -0.041608405   30    30     16     16
953   0.14682211   30    30     16     16
954   -0.074516806   30    30     16     16
955   -0.040050795   30    30     16     16
956   0.16268798   30    30     16     16
957   0.21646044   30    30     16     16
958   -0.015527488   30    30     16     16
959   -0.0027070317   30    30     16     16
960   -0.12402905   30    30     16     16
961   -0.050772089   30    30     16     16
962   0.014757719   30    30     16     16
963   0.027489612   30    30     16     16
964   0.071655995   30    30     16     16
965   -0.10220187   30    30     16     16
966   -0.1216139   30    30     16     16
967   -0.13463712   30    30     16     16
968   -0.030576864   30    30     16     16
969   0.071252561   30    30     16     16
970   0.19189449   30    30     16     16
971   0.13579514   30    30     16     16
972   0.12171154   30    30     16     16
973   0.1100387   30    30     16     16
974   0.041612271   30    30     16     16
975   -0.097348431   30    30     16     16
976   -0.042392419   30    30     16     16
977   -0.01675111   30    30     16     16
978   0.021460449   30    30     16     16
979   -0.12151314   30    30     16     16
980   0.010232909   30    30     16     16
981   0.15025605   30    30     16     16
982   0.064496442   30    30     16     16
983   0.086000398   30    30     16     16
984   -0.075755422   30    30     16     16
985   -0.084789445   30    30     16     16
986   -0.027318031   30    30     16     16
987   -0.073472323   30    30     16     16
988   -0.14105524   30    30     16     16
989   -0.055173223   30    30     16     16
990   -0.14755196   30    30     16     16
991   -0.19665668   30    30     16     16
992   -0.011813963   30    30     16     16
993   -0.11908475   30    30     16     16
994   -0.023645083   30    30     16     16
995   0.14926179   30    30     16     16
996   0.023946171   30    30     16     16
997   -0.095859164   30    30     16     16
998   -0.12457736   30    30     16     16
999   0.0021503321   30    30     16     16
1000   -0.078345619   30    30     16     16
1001   -0.0034522593   30    30     16     16
1002   -0.051040714   30    30     16     16
1003   -0.053432292   30    30     16     16
1004   -0.06121913   30    30     16     16
1005   -0.020993354   30    30     16     16
1006   -0.12753285   30    30     16     16
1007   -0.0090022178   30    30     16     16
1008   0.1285   30    30     16     16
1009   -0.01438438   30    30     16     16
1010   0.00011746396   30    30     16     16
1011   -0.10739928   30    30     16     16
1012   0.047569864   30    30     16     16
1013   0.12114429   30    30     16     16
1014   -0.031449462   30    30     16     16
1015   0.054701845   30    30     16     16
1016   0.024193855   30    30     16     16
1017   0.13023822   30    30     16     16
1018   -0.1052186   30    30     16     16
1019   0.047233739   30    30     16     16
1020   -0.0296908   30    30     16     16
1021   -0.012496504   30    30     16     16
1022   0.063446173   30    30     16     16
1023   -0.0088693063   30    30     16     16
1024   -0.066941326   30    30     16     16
1025   0.018354723   30    30     16     16
1026   0.13389923   30    30     16     16
1027   -0.088523071   30    30     16     16
1028   0.15910332   30    30     16     16
1029   -0.048083683   30    30     16     16
1030   -0.011703628   30    30     16     16
1031   0.17593749   30    30     16     16
1032   -0.15206922   30    30     16     16
1033   0.031716858   30    30     16     16
1034   0.18237029   30    30     16     16
1035   0.030831277   30    30     16     16
1036   0.07180464   30    30     16     16
1037   -0.15059966   30    30     16     16
1038   0.038875379   30    30     16     16
1039   -0.051238702   30    30     16     16
1040   0.19213815   30    30     16     16
1041   -0.091019105   30    30     16     16
1042   0.096115729   30    30     16     16
1043   -0.12322388   30    30     16     16
1044   0.13296286   30    30     16     16
1045   0.033368921   30    30     16     16
1046   -0.052027472   30    30     16     16
1047   0.10838477   30    30     16     16
1048   0.19888267   30    30     16     16
1049   -0.056958633   30    30     16     16
1050   -0.077170401   30    30     16     16
1051   0.17052262   30    30     16     16
1052   -0.0088045442   30    30     16     16
1053   0.029218757   30    30     16     16
1054   -0.17030059   30    30     16     16
1055   -0.10872999   30    30     16     16
1056   0.0083773848   30    30     16     16
1057   -0.11716028   30    30     16     16
1058   0.1563697   30    30     16     16
1059   0.042228718   30    30     16     16
1060   0.065342986   30    30     16     16
1061   -0.11484585   30    30     16     16
1062   0.13203305   30    30     16     16
1063   0.13898648   30    30     16     16
1064   -0.004943929   30    30     16     16
1065   -0.1337204   30    30     16     16
1066   -0.14043811   30    30     16     16
1067   -0.076545781   30    30     16     16
1068   0.075911115   30    30     16     16
1069   0.043099955   30    30     16     16
1070   -0.032576358   30    30     16     16
1071   0.04168557   30    30     16     16
1072   -0.039705011   30    30     16     16
1073   -0.088505501   30    30     16     16
1074   0.10975576   30    30     16     16
1075   -0.019875959   30    30     16     16
1076   -0.12623464   30    30     16     16
1077   0.1623793   30    30     16     16
1078   0.021122392   30    30     16     16
1079   0.010306371   30    30     16     16
1080   -0.061988172   30    30     16     16
1081   -0.12426693   30    30     16     16
1082   0.053471232   30    30     16     16
1083   -0.13357943   30    30     16     16
1084   -0.14594617   30    30     16     16
1085   0.15421257   30    30     16     16
1086   -0.046040551   30    30     16     16
1087   -0.090090928   30    30     16     16
1088   -0.11501927   30    30     16     16
1089   -0.078107032   30    30     16     16
1090   -0.093563287   30    30     16     16
1091   0.049740348   30    30     16     16
1092   0.010725936   30    30     16     16
1093   -0.034896072   30    30     16     16
1094   0.019608257   30    30     16     16
1095   0.011193968   30    30     16     16
1096   0.14802065   30    30     16     16
1097   0.089631199   30    30     16     16
1098   -0.1217265   30    30     16     16
1099   -0.090538076   30    30     16     16
1100   -0.040383242   30    30     16     16
1101   0.029549665   30    30     16     16
1102   0.0076144835   30    30     16     16
1103   0.047582199   30    30     16     16
1104   -0.005180488   30    30     16     16
1105   -0.085378496   30    30     16     16
1106   -0.077814342   30    30     16     16
1107   -0.08366931   30    30     16     16
1108   0.0035639758   30    30     16     16
1109   0.019087585   30    30     16     16
1110   -0.053252276   30    30     16     16
1111   -0.0066548172   30    30     16     16
1112   -0.048575234   30    30     16     16
1113   0.0033453378   30    30     16     16
1114   0.37229213   30    30     16     16
1115   -0.095938831   30    30     16     16
1116   -0.0093880621   30    30     16     16
1117   -0.0051806117   30    30     16     16
1118   -0.11943262   30    30     16     16
1119   0.051053497   30    30     16     16
1120   0.083212591   30    30     16     16
1121   -0.12398046   30    30     16     16
1122   0.011979054   30    30     16     16
1123   0.03418835   30    30     16     16
1124   -0.17192968   30    30     16     16
1125   -0.02265047   30    30     16     16
1126   0.16329739   30    30     16     16
1127   0.177619   30    30     16     16
1128   -0.18952425   30    30     16     16
1129   0.0012706427   30    30     16     16
1130   -0.041675791   30    30     16     16
1131   -0.0089207419   30    30     16     16
1132   -0.15347879   30    30     16     16
1133   -0.11631486   30    30     16     16
1134   -0.076892052   30    30     16     16
1135   0.035868287   30    30     16     16
1136   -0.077446522   30    30     16     16
1137   -0.040645249   30    30     16     16
1138   -0.085847068   30    30     16     16
1139   -0.010166227   30    30     16     16
1140   0.1860954   30    30     16     16
1141   -0.037023716   30    30     16     16
1142   -0.050889286   30    30     16     16
1143   0.20993588   30    30     16     16
1144   -0.038690386   30    30     16     16
1145   -0.059043289   30    30     16     16
1146   0.070314727   30    30     16     16
1147   0.091010308   30    30     16     16
1148   0.10697991   30    30     16     16
1149   -0.12039642   30    30     16     16
1150   -0.024555243   30    30     16     16
1151   -0.012672457   30    30     16     16
1152   0.039296323   30    30     16     16
1153   -0.12548277   30    30     16     16
1154   0.12311265   30    30     16     16
1155   0.091042023   30    30     16     16
1156   -0.12064606   30    30     16     16
1157   -0.011577882   30    30     16     16
1158   -0.10313992   30    30     16     16
1159   -0.10420901   30    30     16     16
1160   -0.025281676   30    30     16     16
1161   0.079001409   30    30     16     16
1162   -0.061501061   30    30     16     16
1163   -0.046289604   30    30     16     16
1164   0.022551236   30    30     16     16
1165   -0.054990247   30    30     16     16
1166   0.024735851   30    30     16     16
1167   0.050429672   30    30     16     16
1168   -0.043175253   30    30     16     16
1169   0.026058631   30    30     16     16
1170   -0.1080182   30    30     16     16
1171   -0.12546291   30    30     16     16
1172   0.17706062   30    30     16     16
1173   0.17485942   30    30     16     16
1174   -0.038630596   30    30     16     16
1175   -0.00042164285   30    30     16     16
1176   -0.065968775   30    30     16     16
1177   -0.11014719   30    30     16     16
1178   -0.092981576   30    30     16     16
1179   0.10113543   30    30     16     16
1180   -0.12816015   30    30     16     16
1181   0.044237382   30    30     16     16
1182   -0.058412752   30    30     16     16
1183   0.16738972   30    30     16     16
1184   0.13705886   30    30     16     16
1185   -0.13055907   30    30     16     16
1186   -0.033105667   30    30     16     16
1187   -0.051073242   30    30     16     16
1188   -0.082427921   30    30     16     16
1189   -0.10076942   30    30     16     16
1190   0.11223108   30    30     16     16
1191   -0.0055540109   30    30     16     16
1192   -0.061199874   30    30     16     16
1193   0.19624215   30    30     16     16
1194   0.033550249   30    30     16     16
1195   -0.026279451   30    30     16     16
1196   -0.0014564849   30    30     16     16
1197   0.16958137   30    30     16     16
1198   -0.14140305   30    30     16     16
1199   -0.10245671   30    30     16     16
1200   -0.05034573   30    30     16     16
1201   0.014105601   30    30     16     16
1202   0.14824479   30    30     16     16
1203   -0.057473512   30    30     16     16
1204   0.16905632   30    30     16     16
1205   0.17323718   30    30     16     16
1206   0.17585808   30    30     16     16
1207   -0.017340517   30    30     16     16
1208   0.068662922   30    30     16     16
1209   -0.1170036   30    30     16     16
1210   -0.070904468   30    30     16     16
1211   0.023248288   30    30     16     16
1212   0.14169152   30    30     16     16
1213   -0.035536045   30    30     16     16
1214   0.066295786   30    30     16     16
1215   0.084137154   30    30     16     16
1216   -0.030915872   30    30     16     16
1217   -0.14599669   30    30     16     16
1218   0.074866359   30    30     16     16
1219   -0.13194486   30    30     16     16
1220   0.12250727   30    30     16     16
1221   0.22657642   30    30     16     16
1222   -0.1438975   30    30     16     16
1223   -0.11630333   30    30     16     16
1224   -0.10854279   30    30     16     16
1225   0.17984365   30    30     16     16
1226   0.1774697   30    30     16     16
1227   0.097914355   30    30     16     16
1228   0.011444275   30    30     16     16
1229   -0.043760039   30    30     16     16
1230   0.13797039   30    30     16     16
1231   -0.14035006   30    30     16     16
1232   -0.034039444   30    30     16     16
1233   -0.043874299   30    30     16     16
1234   -0.13657845   30    30     16     16
1235   -0.033989006   30    30     16     16
1236   0.029210598   30    30     16     16
1237   0.10110056   30    30     16     16
1238   -0.11168774   30    30     16     16
1239   0.17720671   30    30     16     16
1240   0.044022139   30    30     16     16
1241   -0.0020165228   30    30     16     16
1242   -0.066271399   30    30     16     16
1243   0.1630656   30    30     16     16
1244   -0.091355079   30    30     16     16
1245   0.0071522882   30    30     16     16
1246   -0.14571003   30    30     16     16
1247   -0.055524757   30    30     16     16
1248   0.12030893   30    30     16     16
1249   -0.067712758   30    30     16     16
1250   0.16324521   30    30     16     16
1251   -0.030014006   30    30     16     16
1252   -0.1319861   30    30     16     16
1253   0.19612378   30    30     16     16
1254   -0.14218948   30    30     16     16
1255   -0.058511389   30    30     16     16
1256   -0.080103423   30    30     16     16
1257   0.0020699563   30    30     16     16
1258   -0.17602056   30    30     16     16
1259   0.031651209   30    30     16     16
1260   0.028201192   30    30     16     16
1261   -0.16593857   30    30     16     16
1262   -0.16338113   30    30     16     16
1263   0.094679708   30    30     16     16
1264   -0.11169697   30    30     16     16
1265   -0.028583598   30    30     16     16
1266   -0.0022223616   30    30     16     16
1267   0.11557051   30    30     16     16
1268   0.17608153   30    30     16     16
1269   -0.1430252   30    30     16     16
1270   -0.14818478   30    30     16     16
1271   -0.061680255   30    30     16     16
1272   0.12000791   30    30     16     16
1273   0.073110008   30    30     16     16
1274   -0.012403875   30    30     16     16
1275   -0.0064983375   30    30     16     16
1276   0.013055059   30    30     16     16
1277   -0.1353277   30    30     16     16
1278   0.17587665   30    30     16     16
1279   -0.020066043   30    30     16     16
1280   0.033513649   30    30     16     16
1281   0.042234998   30    30     16     16
1282   -0.013035268   30    30     16     16
1283   0.17093888   30    30     16     16
1284   0.063212316   30    30     16     16
1285   -0.03666087   30    30     16     16
1286   0.16792697   30    30     16     16
1287   -0.021346115   30    30     16     16
1288   0.15635395   30    30     16     16
1289   0.19529415   30    30     16     16
1290   0.057109176   30    30     16     16
1291   -0.024670831   30    30     16     16
1292   0.032163177   30    30     16     16
1293   0.16933165   30    30     16     16
1294   -0.14575717   30    30     16     16
1295   -0.084297318   30    30     16     16
1296   -0.036854007   30    30     16     16
1297   0.11728451   30    30     16     16
1298   -0.13682062   30    30     16     16
1299   0.016046245   30    30     16     16
1300   0.00016698793   30    30     16     16
1301   0.1645757   30    30     16     16
1302   -0.052706205   30    30     16     16
1303   0.23208544   30    30     16     16
1304   -0.08297546   30    30     16     16
1305   0.060055702   30    30     16     16
1306   0.037174835   30    30     16     16
1307   -0.08860024   30    30     16     16
1308   -0.028124588   30    30     16     16
1309   0.025765017   30    30     16     16
1310   -0.066160549   30    30     16     16
1311   0.053500991   30    30     16     16
1312   0.011318688   30    30     16     16
1313   0.14958623   30    30     16     16
1314   -0.015966785   30    30     16     16
1315   0.18466607   30    30     16     16
1316   -0.062101468   30    30     16     16
1317   -0.10225878   30    30     16     16
1318   -0.14329115   30    30     16     16
1319   0.054131157   30    30     16     16
1320   0.20461016   30    30     16     16
1321   -0.098670513   30    30     16     16
1322   -0.070435973   30    30     16     16
1323   0.10613245   30    30     16     16
1324   -0.061837174   30    30     16     16
1325   -0.026238654   30    30     16     16
1326   -0.1356598   30    30     16     16
1327   0.069287038   30    30     16     16
1328   0.026168043   30    30     16     16
1329   0.01001417   30    30     16     16
1330   -0.1586587   30    30     16     16
1331   0.041661721   30    30     16     16
1332   0.19778607   30    30     16     16
1333   -0.025910783   30    30     16     16
1334   0.017296488   30    30     16     16
1335   0.093480697   30    30     16     16
1336   -0.13556756   30    30     16     16
1337   0.16680088   30    30     16     16
1338   -0.070279565   30    30     16     16
1339   0.16742813   30    30     16     16
1340   0.0081107142   30    30     16     16
1341   -0.10479118   30    30     16     16
1342   -0.15422613   30    30     16     16
1343   0.20415899   30    30     16     16
1344   -0.16583156   30    30     16     16
1345   0.0480813   30    30     16     16
1346   -0.093232631   30    30     16     16
1347   -0.12858483   30    30     16     16
